9.944653935484113472e-01 1.363101503418799511e-03 3.511447924297061746e-04 3.071498773572226872e-03 5.467928187308013682e-05 1.647383918497814575e-04 3.491394463244165453e-04 1.803042621205478964e-04
9.893020239830613294e-01 2.798360952552321045e-03 6.658585538561140413e-04 5.771304266338993932e-03 1.088219579629535040e-04 3.135385100630735163e-04 6.857826475314191244e-04 3.543091286337273936e-04
9.844388299612314430e-01 4.307272569220646323e-03 9.498115130171943220e-04 8.156645905726050277e-03 1.627180457192721279e-04 4.508896288163321739e-04 1.011054012515189351e-03 5.227783637539315997e-04
9.798164482162794453e-01 5.890611352837760335e-03 1.207789694355863733e-03 1.027597683074915266e-02 2.166160623821024008e-04 5.802161502302103681e-04 1.325950908194384499e-03 6.863907849711358821e-04
9.753853281025852695e-01 7.548578674541810661e-03 1.443836239575516534e-03 1.217029355759415878e-02 2.707283341313146581e-04 7.041203780290919987e-04 1.631363939556780508e-03 8.457507739858318449e-04
9.711041503116883966e-01 9.280920134311310132e-03 1.661369418046467882e-03 1.387426280523707672e-02 3.252356672821080400e-04 8.245711678434911301e-04 1.928093209983359774e-03 1.001397285607452843e-03
9.669385006639426017e-01 1.108702081156283208e-02 1.863281310834680529e-03 1.541718241189992539e-02 3.802914556728888480e-04 9.430503496214356083e-04 2.216861402310727792e-03 1.153811594154619631e-03
9.628597577990195555e-01 1.296598211326386446e-02 2.052020445652081530e-03 1.682379980124610458e-02 4.360252897723872244e-04 1.060666227649244980e-03 2.498324347611084999e-03 1.303423975785320769e-03
9.588441602319235368e-01 1.491668366118707734e-02 2.229661082967669596e-03 1.811500836280762611e-02 4.925461254505006381e-04 1.178241433957475650e-03 2.773079610139605848e-03 1.450619491566160170e-03
9.548720238140450123e-01 1.693783303298772303e-02 2.397961381985887035e-03 1.930843937157262352e-02 5.499450636804500536e-04 1.296380820803423248e-03 3.041673506410319007e-03 1.595743008514370577e-03
9.509270853133922063e-01 1.902800565665623694e-02 2.558412289200515891e-03 2.041896465994274407e-02 6.082977865541396847e-04 1.415523832735798631e-03 3.304606888355653225e-03 1.739103573162356425e-03
9.469959517490700307e-01 2.118567673497090062e-02 2.712278675682133766e-03 2.145912314241081587e-02 6.676666897988321227e-04 1.535984824052411164e-03 3.562339950532125970e-03 1.880978233482311340e-03
9.430676384036430493e-01 2.340924672965315548e-02 2.860633989191964030e-03 2.243948244998744679e-02 7.281027473952979973e-04 1.657984024835401247e-03 3.815296265761507558e-03 2.021615389531775369e-03
9.391331811950731634e-01 2.569706165060722108e-02 3.004389473173009993e-03 2.336894532907043617e-02 7.896471398406801432e-04 1.781671262331584269e-03 4.063866209554861490e-03 2.161237740348536697e-03
9.351853114029079483e-01 2.804742916281930537e-02 3.144318828193059384e-03 2.425500907102647735e-02 8.523326740086222680e-04 1.907144078250344295e-03 4.308409898835475690e-03 2.300044883958406693e-03
9.312181826830264741e-01 3.045863133306461398e-02 3.281079045655854644e-03 2.510398503905938994e-02 9.161850193783458492e-04 2.034461518345283357e-03 4.549259742992778355e-03 2.438215618476876571e-03
9.272271419317287267e-01 3.292893468296011900e-02 3.415228023001886173e-03 2.592118432489864607e-02 9.812237825844068173e-04 2.163654586285583548e-03 4.786722683667431893e-03 2.575909984872832084e-03
9.232085369237332806e-01 3.545659808789088097e-02 3.547239469676359645e-03 2.671107467856007750e-02 1.047463439737083982e-03 2.294734131947728014e-03 5.021082182689452604e-03 2.713271085764767422e-03
9.191595547921466158e-01 3.803987895777907746e-02 3.677515530175787511e-03 2.747741309116069966e-02 1.114914143742646961e-03 2.427696771259749663e-03 5.252600004305698657e-03 2.850426709429339147e-03
9.150780863771776907e-01 4.067703805134731398e-02 3.806397481501803699e-03 2.822335775682535339e-02 1.183582421880534710e-03 2.562529299946219793e-03 5.481517827472354512e-03 2.987490783848254731e-03
9.109626122741552035e-01 4.336634320694941758e-02 3.934174804904762117e-03 2.895156258034718016e-02 1.253471777142372082e-03 2.699211958600965071e-03 5.708058715937731203e-03 3.124564681962048278e-03
9.068121070852481758e-01 4.610607221735464611e-02 4.061092883889108260e-03 2.966425691947699450e-02 1.324583205280760326e-03 2.837720824916489023e-03 5.932428467610667208e-03 3.261738396222796463e-03
9.026259589441938402e-01 4.889451503071556848e-02 4.187359540436251179e-03 3.036331284315932702e-02 1.396915638132027347e-03 2.978029545506214078e-03 6.154816859909793131e-03 3.399091597946499524e-03
8.984039018568841239e-01 5.172997542338814148e-02 4.313150587931263540e-03 3.105030183979732780e-02 1.470466322547230595e-03 3.120110570563149836e-03 6.375398804107951234e-03 3.536694594780490867e-03
8.941459587976278156e-01 5.461077226072791335e-02 4.438614551248561135e-03 3.172654261411388815e-02 1.545231143172735161e-03 3.263936016475161347e-03 6.594335418877961610e-03 3.674609197755756337e-03
8.898523938336642125e-01 5.753524043814856742e-02 4.563876680944744732e-03 3.239314135992785865e-02 1.621204896350443743e-03 3.409478252014647940e-03 6.811775031115345491e-03 3.812889507833709408e-03
8.855236718294274834e-01 6.050173157553956349e-02 4.689042368770024970e-03 3.305102568274864705e-02 1.698381521545070261e-03 3.556710280926823290e-03 7.027854110506409624e-03 3.951582630535692593e-03
8.811604245158641824e-01 6.350861452272102414e-02 4.814200055118715398e-03 3.370097316496459966e-02 1.776754295939679843e-03 3.705605976162801470e-03 7.242698143105109898e-03 4.090729326123177488e-03
8.767634219061009038e-01 6.655427572126056124e-02 4.939423705077495598e-03 3.434363541279482346e-02 1.856315997160780905e-03 3.856140207475974857e-03 7.456422448283847419e-03 4.230364601845046368e-03
8.723335482030147858e-01 6.963711945809404613e-02 5.064774917968519093e-03 3.497955829400060251e-02 1.937059038490967231e-03 4.008288893714202945e-03 7.669132942757628420e-03 4.370518251958663454e-03
8.678717814819866261e-01 7.275556803852487042e-02 5.190304725366279813e-03 3.560919896511017396e-02 2.018975580392351477e-03 4.162029003187969235e-03 7.880926854889946931e-03 4.511215350541174923e-03
8.633791765475293811e-01 7.590806189991192166e-02 5.316055124195882831e-03 3.623294019360254192e-02 2.102057621690193306e-03 4.317338519424610520e-03 8.091893392127237974e-03 4.652476701517622645e-03
8.588568504592598574e-01 7.909305968240555595e-02 5.442060384448252179e-03 3.685110240156697081e-02 2.186297073346728237e-03 4.474196385002124528e-03 8.302114364142769085e-03 4.794319249827082643e-03
8.543059703037958474e-01 8.230903826918142818e-02 5.568348165068459643e-03 3.746395379062230496e-02 2.271685817384192299e-03 4.632582432659476494e-03 8.511664764073631137e-03 4.936756457214161974e-03
8.497277428571726743e-01 8.555449280554698610e-02 5.694940466513802313e-03 3.807171885148702417e-02 2.358215753188251228e-03 4.792477310245269427e-03 8.720613310086324996e-03 5.079798645758961013e-03
8.451234058393914950e-01 8.882793670390369545e-02 5.821854444193981515e-03 3.867458551395680511e-02 2.445878833133637020e-03 4.953862404092160623e-03 8.929022949392245376e-03 5.223453311935456929e-03
8.404942205105206954e-01 9.212790163967174428e-02 5.949103103375360212e-03 3.927271115282681552e-02 2.534667089218607759e-03 5.116719763935445760e-03 9.136951326743171509e-03 5.367725413707475669e-03
8.358414653978720743e-01 9.545293754185546486e-02 6.076695893053115846e-03 3.986622763135072578e-02 2.624572652170099538e-03 5.281032031410531034e-03 9.344451219360261005e-03 5.512617632927116137e-03
8.311664309773896253e-01 9.880161258081211761e-02 6.204639213683407414e-03 4.045524553518838745e-02 2.715587764283720722e-03 5.446782373373034586e-03 9.551570940182569497e-03 5.658130615086433973e-03
8.264704151606032667e-01 1.021725131549582749e-01 6.332936851450796101e-03 4.103985772563870787e-02 2.807704787088991481e-03 5.613954420715482410e-03 9.758354711258500347e-03 5.804263188285443270e-03
8.217547194621527273e-01 1.055642438775101499e-01 6.461590349863034072e-03 4.162014232058786067e-02 2.900916204777902879e-03 5.782532212951304977e-03 9.964843009043006933e-03 5.951012563113432068e-03
8.170206457427509061e-01 1.089754275638917802e-01 6.590599327865310358e-03 4.219616519443544073e-02 2.995214624201318621e-03 5.952500148557940580e-03 1.017107288330333474e-02 6.098374514993488982e-03
8.122694934391052612e-01 1.124047052201033736e-01 6.719961752305700364e-03 4.276798207379545191e-02 3.090592772121015640e-03 6.123842940884221230e-03 1.037707825127536822e-02 6.246343550409100796e-03
8.075025572063163626e-01 1.158507360320983059e-01 6.849674171426504109e-03 4.333564029358163289e-02 3.187043490303240797e-03 6.296545579308509763e-03 1.058289016865054770e-02 6.394913058314180207e-03
8.027211249100052459e-01 1.193121973560512250e-01 6.979731915071775601e-03 4.389918026782309302e-02 3.284559728950743347e-03 6.470593295264453690e-03 1.078853707891032354e-02 6.544075447922487188e-03
7.979264759152897568e-01 1.227877847092864738e-01 7.110129266463339863e-03 4.445863672091223545e-02 3.383134538893087153e-03 6.645971532717028993e-03 1.099404504246044231e-02 6.693822273976912651e-03
7.931198796280176655e-01 1.262762117615703894e-01 7.240859609684135306e-03 4.501403971771231194e-02 3.482761062887817366e-03 6.822665922662078143e-03 1.119943794695202159e-02 6.844144350512781916e-03
7.883025942506229899e-01 1.297762103264315792e-01 7.371915556399970086e-03 4.556541552482679114e-02 3.583432526327100937e-03 7.000662261229934763e-03 1.140473770011042262e-02 6.995031854050518319e-03
7.834758657208310551e-01 1.332865303521608979e-01 7.503289054832944401e-03 4.611278733018030207e-02 3.685142227594141642e-03 7.179946490992278503e-03 1.160996440632652664e-02 7.146474417081118656e-03
7.786409268063627653e-01 1.368059399121447639e-01 7.634971483558528234e-03 4.665617584372486887e-02 3.787883528270509503e-03 7.360504685096779139e-03 1.181513652819918964e-02 7.298461212641948331e-03
7.737989963329259258e-01 1.403332251941993569e-01 7.766953732322024254e-03 4.719559979843852143e-02 3.891649843358261762e-03 7.542323033883367549e-03 1.202027103415214196e-02 7.450981030719727727e-03
7.689512785262779815e-01 1.438671904885941710e-01 7.899226271749328412e-03 4.773107636771596607e-02 3.996434631648981481e-03 7.725387833666714013e-03 1.222538353318426002e-02 7.604022347161770029e-03
7.640989624520763135e-01 1.474066581744780391e-01 8.031779213553292412e-03 4.826262151267231293e-02 4.102231386344594791e-03 7.909685477400578771e-03 1.243048839774909403e-02 7.757573385724871561e-03
7.592432215397095785e-01 1.509504687044505855e-01 8.164602362603504485e-03 4.879025027071250131e-02 4.209033626011767643e-03 8.095202446969625501e-03 1.263559887569798250e-02 7.911622173843555969e-03
7.543852131783942427e-01 1.544974805870484857e-01 8.297685262028158676e-03 4.931397699489668829e-02 4.316834885932051974e-03 8.281925306882827187e-03 1.284072719216167516e-02 8.066156592655124302e-03
7.495260783755790523e-01 1.580465703669450828e-01 8.431017232346604481e-03 4.983381555210020242e-02 4.425628709893512057e-03 8.469840699169058768e-03 1.304588464218780185e-02 8.221164421777928111e-03
7.446669414691899913e-01 1.615966326026906652e-01 8.564587405486044289e-03 5.034977948667969383e-02 4.535408642455662775e-03 8.658935339299790937e-03 1.325108167489635544e-02 8.376633379301107532e-03
7.398089098865024971e-01 1.651465798418435826e-01 8.698384754411977310e-03 5.086188215527620571e-02 4.646168221708085050e-03 8.849196012985869469e-03 1.345632796986243399e-02 8.532551157408724274e-03
7.349530739434962934e-01 1.686953425933677975e-01 8.832398118996080336e-03 5.137013683747715387e-02 4.757900972533502318e-03 9.040609573715316372e-03 1.366163250638512648e-02 8.688905454028235387e-03
7.301005066794409304e-01 1.722418692971956489e-01 8.966616228654879922e-03 5.187455682629724812e-02 4.870600400378332154e-03 9.233162940916620279e-03 1.386700362625345462e-02 8.845684000862599414e-03
7.252522637222281743e-01 1.757851262908713408e-01 9.101027722215333793e-03 5.237515550179757534e-02 4.984259985527356336e-03 9.426843098647977662e-03 1.407244909057491986e-02 9.002874588136944647e-03
7.204093831806108739e-01 1.793240977732125929e-01 9.235621165397481583e-03 5.287194639062442469e-02 5.098873177874069067e-03 9.621637094726607359e-03 1.427797613118934536e-02 9.160465086364248666e-03
7.155728855600558269e-01 1.828577857649384686e-01 9.370385066247897965e-03 5.336494321379871286e-02 5.214433392174267975e-03 9.817532040224542789e-03 1.448359149715021908e-02 9.318443465409782800e-03
7.107437736993862387e-01 1.863852100662317657e-01 9.505307888809596401e-03 5.385415992470760083e-02 5.330934003767336983e-03 1.001451510926796608e-02 1.468930149671789608e-02 9.476797811111383266e-03
7.059230327257839388e-01 1.899054082112119068e-01 9.640378065272667274e-03 5.433961073893282812e-02 5.448368344747342960e-03 1.021257353908625737e-02 1.489511203527342856e-02 9.635516339691329105e-03
7.011116300260592515e-01 1.934174354193078926e-01 9.775584006814974289e-03 5.482131015728349682e-02 5.566729700564398454e-03 1.041169463026524883e-02 1.510102864952844390e-02 9.794587410175912764e-03
6.963105152323832980e-01 1.969203645435291805e-01 9.910914113311873608e-03 5.529927298317770940e-02 5.686011307035590892e-03 1.061186574716576313e-02 1.530705653837565079e-02 9.953999535020593634e-03
6.915206202209238651e-01 2.004132860156412343e-01 1.004635678206828274e-02 5.577351433533016267e-02 5.806206347744047487e-03 1.081307431847478712e-02 1.551320059069545391e-02 1.011374138912167833e-02
6.867428591220353651e-01 2.038953077882602327e-01 1.018190041570446978e-02 5.624404965654597466e-02 5.927307951804499514e-03 1.101530783786162232e-02 1.571946541040753278e-02 1.027380181737984517e-02
6.819781283408290484e-01 2.073655552738864205e-01 1.031753342930795923e-02 5.671089471928916770e-02 6.049309191973527462e-03 1.121855386471578425e-02 1.592585533903113221e-02 1.043416984096634872e-02
6.772273065871106112e-01 2.108231712809021663e-01 1.045324425694793384e-02 5.717406562858412533e-02 6.172203083083036348e-03 1.142280002494716964e-02 1.613237447599497748e-02 1.059483466242943164e-02
6.724912549137933571e-01 2.142673159465645905e-01 1.058902135763469324e-02 5.763357882271645527e-02 6.295982580775851337e-03 1.162803401183221293e-02 1.633902669691618750e-02 1.075578566976596526e-02
6.677708167630185265e-01 2.176971666670279859e-01 1.072485322079488185e-02 5.808945107212202391e-02 6.420640580522894540e-03 1.183424358689253580e-02 1.654581567004822368e-02 1.091701243957220006e-02
6.630668180193022287e-01 2.211119180244324744e-01 1.086072837132321875e-02 5.854169947678822261e-02 6.546169916902166291e-03 1.204141658079476915e-02 1.675274487107948629e-02 1.107850473937679707e-02
6.583800670691182244e-01 2.245107817111000326e-01 1.099663537426270009e-02 5.899034146243824217e-02 6.672563363120403816e-03 1.224954089426228548e-02 1.695981759644760167e-02 1.124025252924980636e-02
6.537113548663942009e-01 2.278929864508821845e-01 1.113256283915788070e-02 5.943539477572279406e-02 6.799813630759252159e-03 1.245860449899117636e-02 1.716703697531939132e-02 1.140224596277239488e-02
6.490614550034613517e-01 2.312577779177027171e-01 1.126849942411957232e-02 5.987687747860695464e-02 6.927913369728545476e-03 1.266859543856419662e-02 1.737440598037209849e-02 1.156447538744383857e-02
6.444311237870523623e-01 2.346044186513436824e-01 1.140443383963376384e-02 6.031480794210784813e-02 7.056855168410300361e-03 1.287950182935750781e-02 1.758192743749886419e-02 1.172693134459510712e-02
6.398211003189854251e-01 2.379321879705241227e-01 1.154035485214299425e-02 6.074920483951227329e-02 7.186631553977813891e-03 1.309131186143615289e-02 1.778960403454956513e-02 1.188960456887123637e-02
6.352321065812172041e-01 2.412403818833198377e-01 1.167625128742444396e-02 6.118008713918198643e-02 7.317234992875252218e-03 1.330401379943476833e-02 1.799743832920741582e-02 1.205248598733864134e-02
6.306648475249765351e-01 2.445283129949769874e-01 1.181211203378553475e-02 6.160747409703577759e-02 7.448657891443955133e-03 1.351759598342099598e-02 1.820543275609199513e-02 1.221556671826774278e-02
6.261200111637241772e-01 2.477953104131702111e-01 1.194792604509499305e-02 6.203138524878179516e-02 7.580892596682538981e-03 1.373204682973935137e-02 1.841358963317030889e-02 1.237883806963608301e-02
6.215982686697087978e-01 2.510407196507598582e-01 1.208368234366476342e-02 6.245184040196163217e-02 7.713931397128774570e-03 1.394735483183387297e-02 1.862191116754939937e-02 1.254229153739231176e-02
6.171002744739121360e-01 2.542639025261004826e-01 1.221937002299603760e-02 6.286885962785657145e-02 7.847766523851947007e-03 1.416350856104837443e-02 1.883039946071678530e-02 1.270591880351720250e-02
6.126266663691953829e-01 2.574642370609553366e-01 1.235497825040090571e-02 6.328246325329763000e-02 7.982390151545247503e-03 1.438049666740310976e-02 1.903905651328802184e-02 1.286971173391382624e-02
6.081780656164774701e-01 2.606411173760724287e-01 1.249049626950940808e-02 6.369267185241402063e-02 8.117794399708470540e-03 1.459830788034728079e-02 1.924788422931481696e-02 1.303366237615552307e-02
6.037550770537885025e-01 2.637939535844749939e-01 1.262591340267057820e-02 6.409950623834821670e-02 8.253971333911926458e-03 1.481693100948673104e-02 1.945688442020155479e-02 1.319776295711706272e-02
5.993582892080553393e-01 2.669221716825240787e-01 1.276121905325482662e-02 6.450298745496110819e-02 8.390912967133285286e-03 1.503635494528650189e-02 1.966605880827296607e-02 1.336200588051138921e-02
5.949882744094903142e-01 2.700252134388076986e-01 1.289640270786405855e-02 6.490313676854636560e-02 8.528611261159505658e-03 1.525656865974798181e-02 1.987540903003153295e-02 1.352638372435190778e-02
5.906455889084593069e-01 2.731025362809118562e-01 1.303145393845501349e-02 6.529997565956967287e-02 8.667058128046772891e-03 1.547756120706053791e-02 2.008493663913856961e-02 1.369088923835757622e-02
5.863307729947164759e-01 2.761536131801305971e-01 1.316636240438073813e-02 6.569352581444586059e-02 8.806245431631821302e-03 1.569932172422752389e-02 2.029464310914981182e-02 1.385551534131625358e-02
5.820443511189030694e-01 2.791779325341699480e-01 1.330111785435425346e-02 6.608380911736445873e-02 8.946164989088498110e-03 1.592183943166673374e-02 2.050452983603276089e-02 1.402025511841955251e-02
5.777868320162065086e-01 2.821749980479021369e-01 1.343571012833822895e-02 6.647084764217189856e-02 9.086808572524050776e-03 1.614510363378529254e-02 2.071459814049005088e-02 1.418510181858089261e-02
5.735587088320940330e-01 2.851443286122267162e-01 1.357012915936369260e-02 6.685466364431828790e-02 9.228167910609900645e-03 1.636910371952914403e-02 2.092484927011049878e-02 1.435004885174679182e-02
5.693604592500254302e-01 2.880854581810930459e-01 1.370436497528076253e-02 6.723527955287311730e-02 9.370234690242184444e-03 1.659382916290727886e-02 2.113528440136710693e-02 1.451508978621010235e-02
5.651925456210673548e-01 2.909979356467418121e-01 1.383840770044373475e-02 6.761271796261597578e-02 9.513000558227749370e-03 1.681926952349074508e-02 2.134590464147904584e-02 1.468021834593264026e-02
5.610554150953271924e-01 2.938813247132195383e-01 1.397224755733283801e-02 6.798700162620478771e-02 9.656457122991493960e-03 1.704541444688677937e-02 2.155671103015284820e-02 1.484542840788350207e-02
5.569494997551314164e-01 2.967352037682230992e-01 1.410587486811453774e-02 6.835815344642548474e-02 9.800595956301507219e-03 1.727225366518813157e-02 2.176770454121621651e-02 1.501071399939853286e-02
5.528752167498746095e-01 2.995591657533289709e-01 1.423928005614210658e-02 6.872619646852509701e-02 9.945408595008555647e-03 1.749977699739782219e-02 2.197888608415624404e-02 1.517606929556528442e-02
5.488329684324709801e-01 3.023528180326627846e-01 1.437245364739814062e-02 6.909115387263041475e-02 1.009088654279683556e-02 1.772797434982954085e-02 2.219025650557280432e-02 1.534148861663732488e-02
5.448231424973383197e-01 3.051157822600628067e-01 1.450538627188029464e-02 6.945304896625349722e-02 1.023702127194324810e-02 1.795683571648385921e-02 2.240181659055606733e-02 1.550696642548083856e-02
5.408461121198507859e-01 3.078476942447945230e-01 1.463806866493158262e-02 6.981190517688609654e-02 1.038380422508248385e-02 1.818635117940058110e-02 2.261356706399673261e-02 1.567249732505599652e-02
5.369022360971966723e-01 3.105482038158689506e-01 1.477049166851644724e-02 7.016774604468287158e-02 1.053122681697564456e-02 1.841651090898725751e-02 2.282550859183573796e-02 1.583807605593499576e-02
5.329918589905779935e-01 3.132169746850190228e-01 1.490264623244358377e-02 7.052059521523527941e-02 1.067928043628017798e-02 1.864730516432435911e-02 2.303764178226028539e-02 1.600369749385826754e-02
5.291153112686913795e-01 3.158536843083876167e-01 1.503452341553656452e-02 7.087047643243585271e-02 1.082795644731918312e-02 1.887872429344705089e-02 2.324996718685153757e-02 1.616935664732980366e-02
5.252729094524357656e-01 3.184580237469819552e-01 1.516611438675320375e-02 7.121741353143438980e-02 1.097724619184822954e-02 1.911075873360400940e-02 2.346248530168876939e-02 1.633504865525245431e-02
5.214649562607829303e-01 3.210296975259462893e-01 1.529741042625449264e-02 7.156143043168552986e-02 1.112714099081803243e-02 1.934339901149337640e-02 2.367519656841469283e-02 1.650076878460349922e-02
5.176917407577578123e-01 3.235684234927050928e-01 1.542840292642392100e-02 7.190255113008829635e-02 1.127763214613149850e-02 1.957663574347621310e-02 2.388810137526534150e-02 1.666651242815066908e-02
5.139535385004734280e-01 3.260739326740309529e-01 1.555908339283797875e-02 7.224079969421845493e-02 1.142871094239372200e-02 1.981045963576753832e-02 2.410120005806821661e-02 1.683227510220863463e-02
5.102506116881652121e-01 3.285459691320863906e-01 1.568944344518858475e-02 7.257620025565283961e-02 1.158036864865363662e-02 2.004486148460527320e-02 2.431449290121124457e-02 1.699805244443556435e-02
5.065832093121717117e-01 3.309842898194936822e-01 1.581947481815808992e-02 7.290877700338674328e-02 1.173259652013620633e-02 2.027983217639740474e-02 2.452798013858542223e-02 1.716384021166951837e-02
5.029515673068074566e-01 3.333886644334812521e-01 1.594916936224763035e-02 7.323855417734374817e-02 1.188538579996407420e-02 2.051536268784740630e-02 2.474166195450318989e-02 1.732963427780401591e-02
4.993559087010791542e-01 3.357588752691589296e-01 1.607851904455940076e-02 7.356555606197860697e-02 1.203872772086764069e-02 2.075144408605835919e-02 2.495553848459461030e-02 1.749543063170220028e-02
4.957964437711915306e-01 3.380947170719705852e-01 1.620751594953355468e-02 7.388980697997285518e-02 1.219261350688275944e-02 2.098806752861595570e-02 2.516960981668300151e-02 1.766122537514886945e-02
4.922733701937936912e-01 3.403959968893749966e-01 1.633615227964033481e-02 7.421133128602316886e-02 1.234703437503517458e-02 2.122522426365056405e-02 2.538387599164155378e-02 1.782701472083956726e-02
4.887868731999173710e-01 3.426625339218026811e-01 1.646442035602802695e-02 7.453015336072292552e-02 1.250198153701097790e-02 2.146290562987873685e-02 2.559833700423224528e-02 1.799279499040593380e-02
4.853371257295558405e-01 3.448941593729382138e-01 1.659231261912738620e-02 7.484629760453630209e-02 1.265744620081234000e-02 2.170110305662428796e-02 2.581299280392827453e-02 1.815856261247635051e-02
4.819242885868368909e-01 3.470907162993743245e-01 1.671982162921312534e-02 7.515978843186527092e-02 1.281341957239802258e-02 2.193980806381932991e-02 2.602784329572094615e-02 1.832431412077106803e-02
4.785485105957429930e-01 3.492520594596876249e-01 1.684694006692299614e-02 7.547065026520925757e-02 1.296989285730792280e-02 2.217901226198541048e-02 2.624288834091193998e-02 1.849004615223081432e-02
4.752099287563295027e-01 3.513780551629805404e-01 1.697366073373512974e-02 7.577890752941759955e-02 1.312685726227123643e-02 2.241870735219513369e-02 2.645812775789178894e-02 1.865575544517801554e-02
4.719086684013969468e-01 3.534685811169365754e-01 1.709997655240414957e-02 7.608458464603433391e-02 1.328430399679774929e-02 2.265888512601437962e-02 2.667356132290519058e-02 1.882143883750963045e-02
4.686448433535702063e-01 3.555235262754345427e-01 1.722588056735666756e-02 7.638770602773561902e-02 1.344222427475171532e-02 2.289953746542559843e-02 2.688918877080389083e-02 1.898709326492070693e-02
4.654185560827398538e-01 3.575427906857673865e-01 1.735136594504675667e-02 7.668829607285940209e-02 1.360060931590807015e-02 2.314065634273226521e-02 2.710500979578755326e-02 1.915271575915775820e-02
4.622298978638213485e-01 3.595262853355089550e-01 1.747642597427183364e-02 7.698637916002724901e-02 1.375945034749047162e-02 2.338223382044485321e-02 2.732102405213326576e-02 1.931830344630101892e-02
4.590789489347890662e-01 3.614739319990737387e-01 1.760105406644977069e-02 7.728197964285819788e-02 1.391873860569089495e-02 2.362426205114869990e-02 2.753723115491395201e-02 1.948385354507468567e-02
4.559657786549395353e-01 3.633856630840127111e-01 1.772524375585747547e-02 7.757512184477451112e-02 1.407846533717043401e-02 2.386673327735379033e-02 2.775363068070626354e-02 1.964936336518436494e-02
4.528904456633441877e-01 3.652614214770870116e-01 1.784898869983186920e-02 7.786583005389891010e-02 1.423862180054109861e-02 2.410963983132705102e-02 2.797022216828820920e-02 1.981483030568080214e-02
4.498529980374471604e-01 3.671011603901637166e-01 1.797228267893344680e-02 7.815412851804354188e-02 1.439919926782821762e-02 2.435297413490718904e-02 2.818700511932691055e-02 1.998025185334909720e-02
4.468534734517679574e-01 3.689048432059729432e-01 1.809511959707333154e-02 7.844004143978981769e-02 1.456018902591333340e-02 2.459672869930255856e-02 2.840397899905673998e-02 2.014562558112265034e-02
4.438918993366680610e-01 3.706724433237687522e-01 1.821749348160407733e-02 7.872359297165970604e-02 1.472158237795732558e-02 2.484089612487215895e-02 2.862114323694814333e-02 2.031094914652106787e-02
4.409682930371405241e-01 3.724039440049339844e-01 1.833939848337505160e-02 7.900480721137712048e-02 1.488337064480352995e-02 2.508546910089027790e-02 2.883849722736750790e-02 2.047622029011129594e-02
4.380826619715835757e-01 3.740993382185677230e-01 1.846082887675271067e-02 7.928370819722042884e-02 1.504554516636072946e-02 2.533044040529475530e-02 2.905604033022810700e-02 2.064143683399126752e-02
4.352350037905184932e-01 3.757586284870959581e-01 1.858177905960657975e-02 7.956031990346462690e-02 1.520809730296583673e-02 2.557580290441961030e-02 2.927377187163261382e-02 2.080659668029545897e-02
4.324253065352146042e-01 3.773818267319427600e-01 1.870224355326122884e-02 7.983466623591375932e-02 1.537101843672611899e-02 2.582154955271187546e-02 2.949169114450719137e-02 2.097169780972157546e-02
4.296535487961812283e-01 3.789689541193009825e-01 1.882221700241499401e-02 8.010677102752244982e-02 1.553429997284082320e-02 2.606767339243315149e-02 2.970979740922748830e-02 2.113673828007796990e-02
4.269196998714920865e-01 3.805200409060378597e-01 1.894169417502599220e-02 8.037665803410715126e-02 1.569793334090210241e-02 2.631416755334628835e-02 2.992808989423665841e-02 2.130171622485093480e-02
4.242237199249033752e-01 3.820351262857743513e-01 1.906066996216584930e-02 8.064435093014585276e-02 1.586190999617517403e-02 2.656102525238719994e-02 3.014656779665572661e-02 2.146662985179161390e-02
4.215655601437298117e-01 3.835142582351731555e-01 1.917913937784182857e-02 8.090987330466638261e-02 1.602622142085747756e-02 2.680823979332239149e-02 3.036523028288629772e-02 2.163147744152171814e-02
4.189451628964452889e-01 3.849574933604698601e-01 1.929709755878792482e-02 8.117324865722289062e-02 1.619085912531702601e-02 2.705580456639230733e-02 3.058407648920596911e-02 2.179625734615775121e-02
4.163624618899691709e-01 3.863648967442844251e-01 1.941453976422530953e-02 8.143450039395996876e-02 1.635581464930952258e-02 2.730371304794092929e-02 3.080310552235650950e-02 2.196096798795319285e-02
4.138173823266089180e-01 3.877365417927439162e-01 1.953146137559290743e-02 8.169365182376392420e-02 1.652107956317449763e-02 2.755195880003176792e-02 3.102231646012493932e-02 2.212560785795810933e-02
4.113098410606207400e-01 3.890725100829536265e-01 1.964785789624850024e-02 8.195072615450124665e-02 1.668664546901029583e-02 2.780053547005077036e-02 3.124170835191782819e-02 2.229017551469593406e-02
4.088397467543595232e-01 3.903728912108458404e-01 1.976372495114093325e-02 8.220574648934293738e-02 1.685250400182776789e-02 2.804943679029619358e-02 3.146128021932880631e-02 2.245466958285684614e-02
4.064070000339816691e-01 3.916377826394421002e-01 1.987905828645409462e-02 8.245873582317539419e-02 1.701864683068294096e-02 2.829865657755589736e-02 3.168103105669953234e-02 2.261908875200741714e-02
4.040114936446723704e-01 3.928672895475565086e-01 1.999385376922299673e-02 8.270971703909617279e-02 1.718506565978821995e-02 2.854818873267234158e-02 3.190095983167418742e-02 2.278343177531625893e-02
4.016531126053641820e-01 3.940615246789761494e-01 2.010810738692274044e-02 8.295871290499515216e-02 1.735175222960257460e-02 2.879802724009556877e-02 3.212106548574773096e-02 2.294769746829510709e-02
3.993317343629165794e-01 3.952206081921440517e-01 2.022181524703072289e-02 8.320574607021995195e-02 1.751869831790023313e-02 2.904816616742431426e-02 3.234134693480800182e-02 2.311188470755526705e-02
3.970472289457274151e-01 3.963446675103785011e-01 2.033497357656275165e-02 8.345083906232535209e-02 1.768589574081838242e-02 2.929859966493588916e-02 3.256180306967186577e-02 2.327599242957896844e-02
3.947994591167459100e-01 3.974338371726549579e-01 2.044757872158358900e-02 8.369401428390596531e-02 1.785333635388342347e-02 2.954932196510468012e-02 3.278243275661529149e-02 2.344001962950525292e-02
3.925882805258588126e-01 3.984882586849811670e-01 2.055962714669237398e-02 8.393529400951216246e-02 1.802101205301616035e-02 2.980032738211006033e-02 3.300323483789791706e-02 2.360396535993043721e-02
3.904135418616212494e-01 3.995080803723926044e-01 2.067111543448360914e-02 8.417470038264794618e-02 1.818891477551569727e-02 3.005161031133347579e-02 3.322420813228191966e-02 2.376782872972246080e-02
3.882750850023061195e-01 4.004934572315960173e-01 2.078204028498412126e-02 8.441225541285067580e-02 1.835703650102223083e-02 3.030316522884535235e-02 3.344535143554522305e-02 2.393160890284929884e-02
3.861727451662421151e-01 4.014445507842870908e-01 2.089239851506660001e-02 8.464798097285199108e-02 1.852536925245868230e-02 3.055498669088209385e-02 3.366666352098946630e-02 2.409530509722089195e-02
3.841063510614181609e-01 4.023615289311693322e-01 2.100218705784027626e-02 8.488189879581932440e-02 1.869390509695131875e-02 3.080706933331323755e-02 3.388814313994272659e-02 2.425891658354456179e-02
3.820757250343237987e-01 4.032445658066997063e-01 2.111140296201912542e-02 8.511403047267734889e-02 1.886263614672929398e-02 3.105940787109921775e-02 3.410978902225685061e-02 2.442244268419353423e-02
3.800806832180045336e-01 4.040938416345853934e-01 2.122004339126828260e-02 8.534439744950869655e-02 1.903155456000324430e-02 3.131199709774008799e-02 3.433159987680004660e-02 2.458588277208870534e-02
3.781210356793051064e-01 4.049095425840559814e-01 2.132810562352915190e-02 8.557302102503348828e-02 1.920065254182293235e-02 3.156483188471517071e-02 3.455357439194408492e-02 2.474923626959297032e-02
3.761965865652771024e-01 4.056918606269370731e-01 2.143558705032366785e-02 8.579992234816706531e-02 1.936992234491411585e-02 3.181790718091435238e-02 3.477571123604701608e-02 2.491250264741845868e-02
3.743071342487284681e-01 4.064409933955445697e-01 2.154248517603828128e-02 8.602512241565489493e-02 1.953935627049466564e-02 3.207121801206087169e-02 3.499800905793090666e-02 2.507568142354617280e-02
3.724524714728906782e-01 4.071571440414267218e-01 2.164879761718819726e-02 8.624864206978449799e-02 1.970894666906985310e-02 3.232475948012620420e-02 3.522046648735480817e-02 2.523877216215797414e-02
3.706323854951821817e-01 4.078405210949724857e-01 2.175452210166236439e-02 8.647050199617339894e-02 1.987868594120721644e-02 3.257852676273707837e-02 3.544308213548331282e-02 2.540177447258084448e-02
3.688466582300470864e-01 4.084913383259101138e-01 2.185965646794967368e-02 8.669072272163254322e-02 2.004856653829075949e-02 3.283251511257503918e-02 3.566585459535048797e-02 2.556468800824314436e-02
3.670950663908459366e-01 4.091098146047155160e-01 2.196419866434697749e-02 8.690932461210450211e-02 2.021858096325484036e-02 3.308671985676883698e-02 3.588878244231926556e-02 2.572751246564294533e-02
3.653773816307804845e-01 4.096961737649514324e-01 2.206814674814929281e-02 8.712632787067584039e-02 2.038872177129759725e-02 3.334113639627962061e-02 3.611186423453652261e-02 2.589024758332806805e-02
3.636933706828304746e-01 4.102506444665567908e-01 2.217149888482292108e-02 8.734175253566260622e-02 2.055898157057430009e-02 3.359576020527980933e-02 3.633509851338394270e-02 2.605289314088789915e-02
3.620427954986846775e-01 4.107734600601066211e-01 2.227425334716164398e-02 8.755561847876884574e-02 2.072935302287041981e-02 3.385058683052508816e-02 3.655848380392441588e-02 2.621544895795685851e-02
3.604254133866461318e-01 4.112648584520596229e-01 2.237640851442679324e-02 8.776794540331687988e-02 2.089982884425480025e-02 3.410561189072056076e-02 3.678201861534449724e-02 2.637791489322926369e-02
3.588409771484936672e-01 4.117250819710125964e-01 2.247796287147157610e-02 8.797875284254880190e-02 2.107040180571288779e-02 3.436083107588075447e-02 3.700570144139248008e-02 2.654029084348572681e-02
3.572892352152826634e-01 4.121543772349795520e-01 2.257891500785003114e-02 8.818806015799877940e-02 2.124106473376014340e-02 3.461624014668395616e-02 3.722953076081265966e-02 2.670257674263080971e-02
3.557699317820665064e-01 4.125529950197117657e-01 2.267926361691131182e-02 8.839588653793463424e-02 2.141181051103581423e-02 3.487183493382130933e-02 3.745350503777537809e-02 2.686477256074189593e-02
3.542828069415238090e-01 4.129211901280760988e-01 2.277900749487957871e-02 8.860225099586908903e-02 2.158263207687719995e-02 3.512761133734045027e-02 3.767762272230312098e-02 2.702687830312928974e-02
3.528275968164735210e-01 4.132592212605072368e-01 2.287814553992009378e-02 8.880717236913884816e-02 2.175352242787447279e-02 3.538356532598439796e-02 3.790188225069288097e-02 2.718889400940734113e-02
3.514040336912638285e-01 4.135673508865489456e-01 2.297667675119196770e-02 8.901066931755147182e-02 2.192447461840616590e-02 3.563969293652558684e-02 3.812628204593437181e-02 2.735081975257653078e-02
3.500118461420186344e-01 4.138458451175007768e-01 2.307460022788794876e-02 8.921276032209905782e-02 2.209548176115563173e-02 3.589599027309570145e-02 3.835082051812457177e-02 2.751265563811663983e-02
3.486507591657282412e-01 4.140949735801827125e-01 2.317191516826185710e-02 8.941346368373775944e-02 2.226653702760838377e-02 3.615245350651097311e-02 3.857549606487845062e-02 2.767440180309056405e-02
3.473204943081698581e-01 4.143150092918329586e-01 2.326862086864394871e-02 8.961279752223304251e-02 2.243763364853062006e-02 3.640907887359360467e-02 3.880030707173586640e-02 2.783605841525911215e-02
3.460207697906429458e-01 4.145062285361525989e-01 2.336471672244485112e-02 8.981077977506880805e-02 2.260876491442903244e-02 3.666586267648958009e-02 3.902525191256472209e-02 2.799762567220647966e-02
3.447513006355095722e-01 4.146689107405084340e-01 2.346020221914833781e-02 9.000742819642097714e-02 2.277992417599201611e-02 3.692280128198267841e-02 3.925032894996054178e-02 2.815910380047636358e-02
3.435117987905242365e-01 4.148033383543088259e-01 2.355507694329351739e-02 9.020276035619349819e-02 2.295110484451246685e-02 3.717989112080542780e-02 3.947553653564223053e-02 2.832049305471873515e-02
3.423019732519431702e-01 4.149097967285615973e-01 2.364934057344686424e-02 9.039679363911672094e-02 2.312230039229226652e-02 3.743712868694677731e-02 3.970087301084421899e-02 2.848179371684721531e-02
3.411215301864008453e-01 4.149885739966283627e-01 2.374299288116439935e-02 9.058954524390741558e-02 2.329350435302873432e-02 3.769451053695711817e-02 3.992633670670493046e-02 2.864300609520691737e-02
3.399701730515425346e-01 4.150399609561845615e-01 2.383603372994464245e-02 9.078103218248897988e-02 2.346471032218297795e-02 3.795203328925038366e-02 4.015192594465185477e-02 2.880413052375274674e-02
3.388476027154035397e-01 4.150642509523953527e-01 2.392846307417263729e-02 9.097127127927182033e-02 2.363591195733059924e-02 3.820969362340392167e-02 4.037763903678266014e-02 2.896516736123813662e-02
3.377535175745236540e-01 4.150617397623186933e-01 2.402028095805548019e-02 9.116027917049270013e-02 2.380710297849467430e-02 3.846748827945616761e-02 4.060347428624309224e-02 2.912611699041419214e-02
3.366876136707883105e-01 4.150327254805446509e-01 2.411148751454986888e-02 9.134807230361230435e-02 2.397827716846122684e-02 3.872541405720216628e-02 4.082942998760109854e-02 2.928697981723908661e-02
3.356495848069871446e-01 4.149775084060792762e-01 2.420208296428185551e-02 9.153466693677024535e-02 2.414942837307746878e-02 3.898346781548736595e-02 4.105550442721739302e-02 2.944775627009776908e-02
3.346391226610815894e-01 4.148963909304831388e-01 2.429206761445960525e-02 9.172007913829684222e-02 2.432055050153286019e-02 3.924164647149980256e-02 4.128169588361277342e-02 2.960844679903188933e-02
3.336559168991725666e-01 4.147896774272709086e-01 2.438144185777908063e-02 9.190432478628061952e-02 2.449163752662322779e-02 3.949994700006084769e-02 4.150800262783140016e-02 2.976905187497993349e-02
3.326996552871613888e-01 4.146576741425810342e-01 2.447020617132349488e-02 9.208741956819098406e-02 2.466268348499803253e-02 3.975836643291479067e-02 4.173442292380107055e-02 2.992957198902750429e-02
3.317700238010973801e-01 4.145006890871233418e-01 2.455836111545656522e-02 9.226937898055521947e-02 2.483368247739106000e-02 4.001690185801756727e-02 4.196095502868969068e-02 3.009000765166764194e-02
3.308667067362023873e-01 4.143190319294083879e-01 2.464590733271029149e-02 9.245021832868875744e-02 2.500462866883466917e-02 4.027555041882417003e-02 4.218759719325834018e-02 3.025035939207132776e-02
3.299893868145709619e-01 4.141130138902692215e-01 2.473284554666729806e-02 9.262995272647822631e-02 2.517551628885773829e-02 4.053430931357607930e-02 4.241434766221077735e-02 3.041062775736790014e-02
3.291377452915348334e-01 4.138829476386781114e-01 2.481917656083846083e-02 9.280859709621652742e-02 2.534633963166754711e-02 4.079317579458777848e-02 4.264120467453954427e-02 3.057081331193545193e-02
3.283114620606894518e-01 4.136291471888652316e-01 2.490490125753593020e-02 9.298616616848866256e-02 2.551709305631576219e-02 4.105214716753319976e-02 4.286816646386856777e-02 3.073091663670131368e-02
3.275102157575783823e-01 4.133519277987446894e-01 2.499002059674200124e-02 9.316267448210800717e-02 2.568777098684867435e-02 4.131122079073210052e-02 4.309523125879210353e-02 3.089093832845221654e-02
3.267336838620267803e-01 4.130516058696518389e-01 2.507453561497431302e-02 9.333813638410211333e-02 2.585836791244185834e-02 4.157039407443639811e-02 4.332239728321043981e-02 3.105087899915447841e-02
3.259815427991245573e-01 4.127284988473965965e-01 2.515844742414757168e-02 9.351256602974693244e-02 2.602887838751960503e-02 4.182966448011696953e-02 4.354966275666200676e-02 3.121073927528394965e-02
3.252534680388521338e-01 4.123829251246371452e-01 2.524175721043221340e-02 9.368597738264917985e-02 2.619929703185900141e-02 4.208902951975077023e-02 4.377702589465184979e-02 3.137051979716577732e-02
3.245491341943473884e-01 4.120152039445761916e-01 2.532446623311039591e-02 9.385838421487553707e-02 2.636961853067921330e-02 4.234848675510855670e-02 4.400448490897700821e-02 3.153022121832380759e-02
3.238682151188083114e-01 4.116256553059849388e-01 2.540657582342962725e-02 9.402980010712821968e-02 2.653983763471580437e-02 4.260803379704342780e-02 4.423203800804782759e-02 3.168984420483982739e-02
