9.944653935484115692e-01 1.363101503418451916e-03 3.511447924297262323e-04 3.071498773572373889e-03 5.467928187307821236e-05 1.647383918497823249e-04 3.491394463244212615e-04 1.803042621205497938e-04
9.893020239830621065e-01 2.798360952551483607e-03 6.658585538561524221e-04 5.771304266339261080e-03 1.088219579629503598e-04 3.135385100630752511e-04 6.857826475314282317e-04 3.543091286337303209e-04
9.844388299612323312e-01 4.307272569219391251e-03 9.498115130172504837e-04 8.156645905726423243e-03 1.627180457192683603e-04 4.508896288163345050e-04 1.011054012515202796e-03 5.227783637539366954e-04
9.798164482162803335e-01 5.890611352836170461e-03 1.207789694355937025e-03 1.027597683074961236e-02 2.166160623820985519e-04 5.802161502302134038e-04 1.325950908194404015e-03 6.863907849711441220e-04
9.753853281025869348e-01 7.548578674539797514e-03 1.443836239575606740e-03 1.217029355759469307e-02 2.707283341313110260e-04 7.041203780290955765e-04 1.631363939556804360e-03 8.457507739858429038e-04
9.711041503116903950e-01 9.280920134308952643e-03 1.661369418046574568e-03 1.387426280523767867e-02 3.252356672821048959e-04 8.245711678434950332e-04 1.928093209983389265e-03 1.001397285607468456e-03
9.669385006639450442e-01 1.108702081155990039e-02 1.863281310834802610e-03 1.541718241190058111e-02 3.802914556728865169e-04 9.430503496214409209e-04 2.216861402310763354e-03 1.153811594154638496e-03
9.628597577990223311e-01 1.296598211326062226e-02 2.052020445652219874e-03 1.682379980124680888e-02 4.360252897723859234e-04 1.060666227649250835e-03 2.498324347611125332e-03 1.303423975785344838e-03
9.588441602319268675e-01 1.491668366118325401e-02 2.229661082967824420e-03 1.811500836280837898e-02 4.925461254505003128e-04 1.178241433957482589e-03 2.773079610139653119e-03 1.450619491566189443e-03
9.548720238140486760e-01 1.693783303298336193e-02 2.397961381986055303e-03 1.930843937157340762e-02 5.499450636804513546e-04 1.296380820803430837e-03 3.041673506410371482e-03 1.595743008514404621e-03
9.509270853133964252e-01 1.902800565665152890e-02 2.558412289200700206e-03 2.041896465994356286e-02 6.082977865541422868e-04 1.415523832735807088e-03 3.304606888355712205e-03 1.739103573162395673e-03
9.469959517490746936e-01 2.118567673496581094e-02 2.712278675682332392e-03 2.145912314241165547e-02 6.676666897988366763e-04 1.535984824052420922e-03 3.562339950532191456e-03 1.880978233482356226e-03
9.430676384036479343e-01 2.340924672964761130e-02 2.860633989192177835e-03 2.243948244998831415e-02 7.281027473953040688e-04 1.657984024835412740e-03 3.815296265761579549e-03 2.021615389531825676e-03
9.391331811950786035e-01 2.569706165060105935e-02 3.004389473173237676e-03 2.336894532907132088e-02 7.896471398406880579e-04 1.781671262331595545e-03 4.063866209554940420e-03 2.161237740348592208e-03
9.351853114029136105e-01 2.804742916281256770e-02 3.144318828193301378e-03 2.425500907102738635e-02 8.523326740086315922e-04 1.907144078250357306e-03 4.308409898835561559e-03 2.300044883958469143e-03
9.312181826830325804e-01 3.045863133305733508e-02 3.281079045656110083e-03 2.510398503906030587e-02 9.161850193783575586e-04 2.034461518345296368e-03 4.549259742992868560e-03 2.438215618476944225e-03
9.272271419317352770e-01 3.292893468295250009e-02 3.415228023002158091e-03 2.592118432489958282e-02 9.812237825844204783e-04 2.163654586285597425e-03 4.786722683667529905e-03 2.575909984872905810e-03
9.232085369237401640e-01 3.545659808788270695e-02 3.547239469676643706e-03 2.671107467856102813e-02 1.047463439737099378e-03 2.294734131947743193e-03 5.021082182689558422e-03 2.713271085764847653e-03
9.191595547921540543e-01 3.803987895777048711e-02 3.677515530176086751e-03 2.747741309116166417e-02 1.114914143742664525e-03 2.427696771259765709e-03 5.252600004305807077e-03 2.850426709429425883e-03
9.150780863771854623e-01 4.067703805133830730e-02 3.806397481502117250e-03 2.822335775682632830e-02 1.183582421880554660e-03 2.562529299946238008e-03 5.481517827472470739e-03 2.987490783848346237e-03
9.109626122741634191e-01 4.336634320693995986e-02 3.934174804905089980e-03 2.895156258034816896e-02 1.253471777142393549e-03 2.699211958600984153e-03 5.708058715937852634e-03 3.124564681962146290e-03
9.068121070852569465e-01 4.610607221734472350e-02 4.061092883889450868e-03 2.966425691947799370e-02 1.324583205280784179e-03 2.837720824916510273e-03 5.932428467610796445e-03 3.261738396222900981e-03
9.026259589442031661e-01 4.889451503070514626e-02 4.187359540436605930e-03 3.036331284316034357e-02 1.396915638132052717e-03 2.978029545506236195e-03 6.154816859909931041e-03 3.399091597946611414e-03
8.984039018568938939e-01 5.172997542337726129e-02 4.313150587931631301e-03 3.105030183979835129e-02 1.470466322547258568e-03 3.120110570563173254e-03 6.375398804108095216e-03 3.536694594780608828e-03
8.941459587976376966e-01 5.461077226071649193e-02 4.438614551248944509e-03 3.172654261411491511e-02 1.545231143172765735e-03 3.263936016475186067e-03 6.594335418878112531e-03 3.674609197755879936e-03
8.898523938336746486e-01 5.753524043813669497e-02 4.563876680945140249e-03 3.239314135992889254e-02 1.621204896350476703e-03 3.409478252014673527e-03 6.811775031115502484e-03 3.812889507833841247e-03
8.855236718294383635e-01 6.050173157552722614e-02 4.689042368770435232e-03 3.305102568274968788e-02 1.698381521545104089e-03 3.556710280926850178e-03 7.027854110506572688e-03 3.951582630535830504e-03
8.811604245158757287e-01 6.350861452270839536e-02 4.814200055119136935e-03 3.370097316496565437e-02 1.776754295939715622e-03 3.705605976162828358e-03 7.242698143105280768e-03 4.090729326123322337e-03
8.767634219061131162e-01 6.655427572124730795e-02 4.939423705077931881e-03 3.434363541279587817e-02 1.856315997160818852e-03 3.856140207476003046e-03 7.456422448284023494e-03 4.230364601845198157e-03
8.723335482030273313e-01 6.963711945808030712e-02 5.064774917968967519e-03 3.497955829400166416e-02 1.937059038491007563e-03 4.008288893714231568e-03 7.669132942757814035e-03 4.370518251958820447e-03
8.678717814819993936e-01 7.275556803851067345e-02 5.190304725366743852e-03 3.560919896511125643e-02 2.018975580392393544e-03 4.162029003187997858e-03 7.880926854890141220e-03 4.511215350541340589e-03
8.633791765475429258e-01 7.590806189989716957e-02 5.316055124196360747e-03 3.623294019360363827e-02 2.102057621690237108e-03 4.317338519424642612e-03 8.091893392127437468e-03 4.652476701517795250e-03
8.588568504592737352e-01 7.909305968239033202e-02 5.442060384448742238e-03 3.685110240156807410e-02 2.186297073346773773e-03 4.474196385002158355e-03 8.302114364142975517e-03 4.794319249827263922e-03
8.543059703038100583e-01 8.230903826916563526e-02 5.568348165068963580e-03 3.746395379062341519e-02 2.271685817384239137e-03 4.632582432659511189e-03 8.511664764073846243e-03 4.936756457214350191e-03
8.497277428571874403e-01 8.555449280553084623e-02 5.694940466514321863e-03 3.807171885148815521e-02 2.358215753188300668e-03 4.792477310245305856e-03 8.720613310086543571e-03 5.079798645759156170e-03
8.451234058394065940e-01 8.882793670388705598e-02 5.821854444194513208e-03 3.867458551395793614e-02 2.445878833133688628e-03 4.953862404092197053e-03 8.929022949392470890e-03 5.223453311935659892e-03
8.404942205105363495e-01 9.212790163965478563e-02 5.949103103375906650e-03 3.927271115282795350e-02 2.534667089218661535e-03 5.116719763935483056e-03 9.136951326743403962e-03 5.367725413707686438e-03
8.358414653978881725e-01 9.545293754183802049e-02 6.076695893053674427e-03 3.986622763135187764e-02 2.624572652170154615e-03 5.281032031410570066e-03 9.344451219360502131e-03 5.512617632927333845e-03
8.311664309774061676e-01 9.880161258079424302e-02 6.204639213683978138e-03 4.045524553518954625e-02 2.715587764283777968e-03 5.446782373373073617e-03 9.551570940182814093e-03 5.658130615086656018e-03
8.264704151606199201e-01 1.021725131549400256e-01 6.332936851451381570e-03 4.103985772563987361e-02 2.807704787089050028e-03 5.613954420715521441e-03 9.758354711258757086e-03 5.804263188285676590e-03
8.217547194621697138e-01 1.055642438774914010e-01 6.461590349863629949e-03 4.162014232058903335e-02 2.900916204777963161e-03 5.782532212951347478e-03 9.964843009043263672e-03 5.951012563113670592e-03
8.170206457427682256e-01 1.089754275638725456e-01 6.590599327865919246e-03 4.219616519443661340e-02 2.995214624201379770e-03 5.952500148557980479e-03 1.017107288330359842e-02 6.098374514993735312e-03
8.122694934391230248e-01 1.124047052200836949e-01 6.719961752306321395e-03 4.276798207379661071e-02 3.090592772121079392e-03 6.123842940884261128e-03 1.037707825127564057e-02 6.246343550409350596e-03
8.075025572063345702e-01 1.158507360320782248e-01 6.849674171427140752e-03 4.333564029358281944e-02 3.187043490303305415e-03 6.296545579308554866e-03 1.058289016865082525e-02 6.394913058314441283e-03
8.027211249100240087e-01 1.193121973560306442e-01 6.979731915072426122e-03 4.389918026782428651e-02 3.284559728950811001e-03 6.470593295264498793e-03 1.078853707891060977e-02 6.544075447922754335e-03
7.979264759153088526e-01 1.227877847092655461e-01 7.110129266464001660e-03 4.445863672091344282e-02 3.383134538893155675e-03 6.645971532717074096e-03 1.099404504246073028e-02 6.693822273977189340e-03
7.931198796280373164e-01 1.262762117615490176e-01 7.240859609684810114e-03 4.501403971771354012e-02 3.482761062887887189e-03 6.822665922662125848e-03 1.119943794695231649e-02 6.844144350513065543e-03
7.883025942506428629e-01 1.297762103264097355e-01 7.371915556400656169e-03 4.556541552482801238e-02 3.583432526327172494e-03 7.000662261229985937e-03 1.140473770011072793e-02 6.995031854050806283e-03
7.834758657208513721e-01 1.332865303521385547e-01 7.503289054833641759e-03 4.611278733018153719e-02 3.685142227594215367e-03 7.179946490992332279e-03 1.160996440632683542e-02 7.146474417081414426e-03
7.786409268063834155e-01 1.368059399121220321e-01 7.634971483559240338e-03 4.665617584372611787e-02 3.787883528270583663e-03 7.360504685096837252e-03 1.181513652819950362e-02 7.298461212642251908e-03
7.737989963329467979e-01 1.403332251941764031e-01 7.766953732322750235e-03 4.719559979843979125e-02 3.891649843358337656e-03 7.542323033883426529e-03 1.202027103415246115e-02 7.450981030720041712e-03
7.689512785262995198e-01 1.438671904885708008e-01 7.899226271750065670e-03 4.773107636771724283e-02 3.996434631649057809e-03 7.725387833666773861e-03 1.222538353318458962e-02 7.604022347162091820e-03
7.640989624520981849e-01 1.474066581744543358e-01 8.031779213554043548e-03 4.826262151267358969e-02 4.102231386344674588e-03 7.909685477400641221e-03 1.243048839774943577e-02 7.757573385725199423e-03
7.592432215397317830e-01 1.509504687044266324e-01 8.164602362604266028e-03 4.879025027071377807e-02 4.209033626011846572e-03 8.095202446969687951e-03 1.263559887569832944e-02 7.911622173843890771e-03
7.543852131784165582e-01 1.544974805870240053e-01 8.297685262028934097e-03 4.931397699489799280e-02 4.316834885932131771e-03 8.281925306882894841e-03 1.284072719216202210e-02 8.066156592655469512e-03
7.495260783756017009e-01 1.580465703669202138e-01 8.431017232347393781e-03 4.983381555210150693e-02 4.425628709893592722e-03 8.469840699169126422e-03 1.304588464218815226e-02 8.221164421778280260e-03
7.446669414692129729e-01 1.615966326026654076e-01 8.564587405486845731e-03 5.034977948668101916e-02 4.535408642455746042e-03 8.658935339299855122e-03 1.325108167489671800e-02 8.376633379301464885e-03
7.398089098865255897e-01 1.651465798418179365e-01 8.698384754412790895e-03 5.086188215527754491e-02 4.646168221708169184e-03 8.849196012985942328e-03 1.345632796986280001e-02 8.532551157409088566e-03
7.349530739435197191e-01 1.686953425933417905e-01 8.832398118996907799e-03 5.137013683747848614e-02 4.757900972533588187e-03 9.040609573715387495e-03 1.366163250638550465e-02 8.688905454028611822e-03
7.301005066794645781e-01 1.722418692971693088e-01 8.966616228655719528e-03 5.187455682629860815e-02 4.870600400378417155e-03 9.233162940916696607e-03 1.386700362625383452e-02 8.845684000862979318e-03
7.252522637222522661e-01 1.757851262908446677e-01 9.101027722216187277e-03 5.237515550179892843e-02 4.984259985527442205e-03 9.426843098648050520e-03 1.407244909057530496e-02 9.002874588137334960e-03
7.204093831806351877e-01 1.793240977731856700e-01 9.235621165398350679e-03 5.287194639062579860e-02 5.098873177874156670e-03 9.621637094726678482e-03 1.427797613118973567e-02 9.160465086364651122e-03
7.155728855600803628e-01 1.828577857649112126e-01 9.370385066248779204e-03 5.336494321380010758e-02 5.214433392174354712e-03 9.817532040224620851e-03 1.448359149715061460e-02 9.318443465410193929e-03
7.107437736994109967e-01 1.863852100662041766e-01 9.505307888810484579e-03 5.385415992470900942e-02 5.330934003767424587e-03 1.001451510926804761e-02 1.468930149671829680e-02 9.476797811111797865e-03
7.059230327258089188e-01 1.899054082111840125e-01 9.640378065273567595e-03 5.433961073893425753e-02 5.448368344747429697e-03 1.021257353908633543e-02 1.489511203527383795e-02 9.635516339691754112e-03
7.011116300260845646e-01 1.934174354192796375e-01 9.775584006815888488e-03 5.482131015728494705e-02 5.566729700564487793e-03 1.041169463026532863e-02 1.510102864952885676e-02 9.794587410176342976e-03
6.963105152324088332e-01 1.969203645435007588e-01 9.910914113312803420e-03 5.529927298317913881e-02 5.686011307035679363e-03 1.061186574716584466e-02 1.530705653837607233e-02 9.953999535021034253e-03
6.915206202209497333e-01 2.004132860156125351e-01 1.004635678206922123e-02 5.577351433533160596e-02 5.806206347744137693e-03 1.081307431847486865e-02 1.551320059069588413e-02 1.011374138912213283e-02
6.867428591220613443e-01 2.038953077882313669e-01 1.018190041570542562e-02 5.624404965654743876e-02 5.927307951804593189e-03 1.101530783786170559e-02 1.571946541040797340e-02 1.027380181738030487e-02
6.819781283408553607e-01 2.073655552738572494e-01 1.031753342930892547e-02 5.671089471929065956e-02 6.049309191973621137e-03 1.121855386471587619e-02 1.592585533903157977e-02 1.043416984096682404e-02
6.772273065871371456e-01 2.108231712808727731e-01 1.045324425694891916e-02 5.717406562858561719e-02 6.172203083083130024e-03 1.142280002494726159e-02 1.613237447599542504e-02 1.059483466242991216e-02
6.724912549138202245e-01 2.142673159465350863e-01 1.058902135763569070e-02 5.763357882271796101e-02 6.295982580775945012e-03 1.162803401183230487e-02 1.633902669691664547e-02 1.075578566976645271e-02
6.677708167630456160e-01 2.176971666669982874e-01 1.072485322079588972e-02 5.808945107212352271e-02 6.420640580522988215e-03 1.183424358689263295e-02 1.654581567004869552e-02 1.091701243957269793e-02
6.630668180193292072e-01 2.211119180244024707e-01 1.086072837132424050e-02 5.854169947678974223e-02 6.546169916902262569e-03 1.204141658079486629e-02 1.675274487107995813e-02 1.107850473937730534e-02
6.583800670691455359e-01 2.245107817110699178e-01 1.099663537426373225e-02 5.899034146243976179e-02 6.672563363120502695e-03 1.224954089426238610e-02 1.695981759644808393e-02 1.124025252925032678e-02
6.537113548664217344e-01 2.278929864508519865e-01 1.113256283915892327e-02 5.943539477572432755e-02 6.799813630759345834e-03 1.245860449899127524e-02 1.716703697531988052e-02 1.140224596277292397e-02
6.490614550034891073e-01 2.312577779176721582e-01 1.126849942412063224e-02 5.987687747860850201e-02 6.927913369728642620e-03 1.266859543856429723e-02 1.737440598037259809e-02 1.156447538744437807e-02
6.444311237870801179e-01 2.346044186513129848e-01 1.140443383963483416e-02 6.031480794210941632e-02 7.056855168410398373e-03 1.287950182935761363e-02 1.758192743749937420e-02 1.172693134459565877e-02
6.398211003190131807e-01 2.379321879704931475e-01 1.154035485214407845e-02 6.074920483951383454e-02 7.186631553977909301e-03 1.309131186143626391e-02 1.778960403455007513e-02 1.188960456887179495e-02
6.352321065812451817e-01 2.412403818832888347e-01 1.167625128742553683e-02 6.118008713918356850e-02 7.317234992875349363e-03 1.330401379943488283e-02 1.799743832920793624e-02 1.205248598733921206e-02
6.306648475250046237e-01 2.445283129949457623e-01 1.181211203378664323e-02 6.160747409703737354e-02 7.448657891444054012e-03 1.351759598342111915e-02 1.820543275609251554e-02 1.221556671826832217e-02
6.261200111637523769e-01 2.477953104131387918e-01 1.194792604509611889e-02 6.203138524878340498e-02 7.580892596682636993e-03 1.373204682973946933e-02 1.841358963317083625e-02 1.237883806963666934e-02
6.215982686697372195e-01 2.510407196507282723e-01 1.208368234366589966e-02 6.245184040196326974e-02 7.713931397128874316e-03 1.394735483183399440e-02 1.862191116754993367e-02 1.254229153739290850e-02
6.171002744739404466e-01 2.542639025260687302e-01 1.221937002299718598e-02 6.286885962785822290e-02 7.847766523852044152e-03 1.416350856104849412e-02 1.883039946071732307e-02 1.270591880351781139e-02
6.126266663692239156e-01 2.574642370609234177e-01 1.235497825040207144e-02 6.328246325329929534e-02 7.982390151545346382e-03 1.438049666740323987e-02 1.903905651328857002e-02 1.286971173391444727e-02
6.081780656165061139e-01 2.606411173760403432e-01 1.249049626951058249e-02 6.369267185241571372e-02 8.117794399708569419e-03 1.459830788034741089e-02 1.924788422931536860e-02 1.303366237615615625e-02
6.037550770538171463e-01 2.637939535844426864e-01 1.262591340267176648e-02 6.409950623834990979e-02 8.253971333912027072e-03 1.481693100948685941e-02 1.945688442020209602e-02 1.319776295711770110e-02
5.993582892080839830e-01 2.669221716824917157e-01 1.276121905325603052e-02 6.450298745496280128e-02 8.390912967133385900e-03 1.503635494528663546e-02 1.966605880827352812e-02 1.336200588051203973e-02
5.949882744095191800e-01 2.700252134387753356e-01 1.289640270786527286e-02 6.490313676854807257e-02 8.528611261159606272e-03 1.525656865974812232e-02 1.987540903003210541e-02 1.352638372435256524e-02
5.906455889084881727e-01 2.731025362808793822e-01 1.303145393845624340e-02 6.529997565957139372e-02 8.667058128046875240e-03 1.547756120706067669e-02 2.008493663913914554e-02 1.369088923835825276e-02
5.863307729947455638e-01 2.761536131800981231e-01 1.316636240438197498e-02 6.569352581444759531e-02 8.806245431631921916e-03 1.569932172422766961e-02 2.029464310915039468e-02 1.385551534131693879e-02
5.820443511189319352e-01 2.791779325341372520e-01 1.330111785435550767e-02 6.608380911736617958e-02 8.946164989088602193e-03 1.592183943166688292e-02 2.050452983603336457e-02 1.402025511842024813e-02
5.777868320162355964e-01 2.821749980478693853e-01 1.343571012833949876e-02 6.647084764217366104e-02 9.086808572524153124e-03 1.614510363378544866e-02 2.071459814049064763e-02 1.418510181858159865e-02
5.735587088321231208e-01 2.851443286121938536e-01 1.357012915936497456e-02 6.685466364432005038e-02 9.228167910609999525e-03 1.636910371952930709e-02 2.092484927011110246e-02 1.435004885174750999e-02
5.693604592500544070e-01 2.880854581810601278e-01 1.370436497528205490e-02 6.723527955287492142e-02 9.370234690242286793e-03 1.659382916290744192e-02 2.113528440136771408e-02 1.451508978621083266e-02
5.651925456210963317e-01 2.909979356467088940e-01 1.383840770044504100e-02 6.761271796261777989e-02 9.513000558227853454e-03 1.681926952349090815e-02 2.134590464147966341e-02 1.468021834593337752e-02
5.610554150953561692e-01 2.938813247131865092e-01 1.397224755733415640e-02 6.798700162620659182e-02 9.656457122991598044e-03 1.704541444688694937e-02 2.155671103015348311e-02 1.484542840788425841e-02
5.569494997551605042e-01 2.967352037681902366e-01 1.410587486811586827e-02 6.835815344642730274e-02 9.800595956301616507e-03 1.727225366518829811e-02 2.176770454121684448e-02 1.501071399939929961e-02
5.528752167499035863e-01 2.995591657532961083e-01 1.423928005614344926e-02 6.872619646852698438e-02 9.945408595008659730e-03 1.749977699739799566e-02 2.197888608415688588e-02 1.517606929556606157e-02
5.488329684324999569e-01 3.023528180326298664e-01 1.437245364739949890e-02 6.909115387263227437e-02 1.009088654279693791e-02 1.772797434982971779e-02 2.219025650557345311e-02 1.534148861663811245e-02
5.448231424973671855e-01 3.051157822600297775e-01 1.450538627188166334e-02 6.945304896625542623e-02 1.023702127194335218e-02 1.795683571648405349e-02 2.240181659055673000e-02 1.550696642548164174e-02
5.408461121198797628e-01 3.078476942447614939e-01 1.463806866493296520e-02 6.981190517688803943e-02 1.038380422508259140e-02 1.818635117940076845e-02 2.261356706399739527e-02 1.567249732505680837e-02
5.369022360972256491e-01 3.105482038158360325e-01 1.477049166851784716e-02 7.016774604468486998e-02 1.053122681697574864e-02 1.841651090898746568e-02 2.282550859183639716e-02 1.583807605593581802e-02
5.329918589906066373e-01 3.132169746849860492e-01 1.490264623244499584e-02 7.052059521523720842e-02 1.067928043628028380e-02 1.864730516432455687e-02 2.303764178226096887e-02 1.600369749385909673e-02
5.291153112687199123e-01 3.158536843083545875e-01 1.503452341553798872e-02 7.087047643243785111e-02 1.082795644731929414e-02 1.887872429344725905e-02 2.324996718685222105e-02 1.616935664733065020e-02
5.252729094524644093e-01 3.184580237469489261e-01 1.516611438675464010e-02 7.121741353143642983e-02 1.097724619184833710e-02 1.911075873360421756e-02 2.346248530168946328e-02 1.633504865525331473e-02
5.214649562608115740e-01 3.210296975259133156e-01 1.529741042625594287e-02 7.156143043168755602e-02 1.112714099081814172e-02 1.934339901149359151e-02 2.367519656841538325e-02 1.650076878460437005e-02
5.176917407577862340e-01 3.235684234926722302e-01 1.542840292642538684e-02 7.190255113009036414e-02 1.127763214613160606e-02 1.957663574347642127e-02 2.388810137526604926e-02 1.666651242815155379e-02
5.139535385005017387e-01 3.260739326739980903e-01 1.555908339283946194e-02 7.224079969422050884e-02 1.142871094239383302e-02 1.981045963576775690e-02 2.410120005806893131e-02 1.683227510220952974e-02
5.102506116881936338e-01 3.285459691320536391e-01 1.568944344519007661e-02 7.257620025565492128e-02 1.158036864865374417e-02 2.004486148460549177e-02 2.431449290121196968e-02 1.699805244443647334e-02
5.065832093121999113e-01 3.309842898194610417e-01 1.581947481815959566e-02 7.290877700338885270e-02 1.173259652013631561e-02 2.027983217639763719e-02 2.452798013858614387e-02 1.716384021167044471e-02
5.029515673068356563e-01 3.333886644334487781e-01 1.594916936224915344e-02 7.323855417734589923e-02 1.188538579996418175e-02 2.051536268784764222e-02 2.474166195450390807e-02 1.732963427780494919e-02
4.993559087011071318e-01 3.357588752691264000e-01 1.607851904456093772e-02 7.356555606198077191e-02 1.203872772086774824e-02 2.075144408605859858e-02 2.495553848459535276e-02 1.749543063170314050e-02
4.957964437712193417e-01 3.380947170719382222e-01 1.620751594953511246e-02 7.388980697997500624e-02 1.219261350688287220e-02 2.098806752861619163e-02 2.516960981668375091e-02 1.766122537514981661e-02
4.922733701938214468e-01 3.403959968893426336e-01 1.633615227964190647e-02 7.421133128602529216e-02 1.234703437503528560e-02 2.122522426365080692e-02 2.538387599164229624e-02 1.782701472084052829e-02
4.887868731999449601e-01 3.426625339217704846e-01 1.646442035602960902e-02 7.453015336072507657e-02 1.250198153701108546e-02 2.146290562987897971e-02 2.559833700423299468e-02 1.799279499040691219e-02
4.853371257295833741e-01 3.448941593729061839e-01 1.659231261912898561e-02 7.484629760453846703e-02 1.265744620081244928e-02 2.170110305662453082e-02 2.581299280392903434e-02 1.815856261247733930e-02
4.819242885868642023e-01 3.470907162993423500e-01 1.671982162921474210e-02 7.515978843186743585e-02 1.281341957239813013e-02 2.193980806381957624e-02 2.602784329572171637e-02 1.832431412077207070e-02
4.785485105957702490e-01 3.492520594596559280e-01 1.684694006692462678e-02 7.547065026521145026e-02 1.296989285730803035e-02 2.217901226198567069e-02 2.624288834091271019e-02 1.849004615223183434e-02
4.752099287563564811e-01 3.513780551629488991e-01 1.697366073373677078e-02 7.577890752941977837e-02 1.312685726227135093e-02 2.241870735219539390e-02 2.645812775789255916e-02 1.865575544517904943e-02
4.719086684014238142e-01 3.534685811169050451e-01 1.709997655240580103e-02 7.608458464603651272e-02 1.328430399679785857e-02 2.265888512601464330e-02 2.667356132290597120e-02 1.882143883751067476e-02
4.686448433535969071e-01 3.555235262754031789e-01 1.722588056735833636e-02 7.638770602773782559e-02 1.344222427475182460e-02 2.289953746542586904e-02 2.688918877080467493e-02 1.898709326492176511e-02
4.654185560827663326e-01 3.575427906857361893e-01 1.735136594504843588e-02 7.668829607286159478e-02 1.360060931590817944e-02 2.314065634273252195e-02 2.710500979578835123e-02 1.915271575915883373e-02
4.622298978638477163e-01 3.595262853354779242e-01 1.747642597427353714e-02 7.698637916002945558e-02 1.375945034749057917e-02 2.338223382044513077e-02 2.732102405213406374e-02 1.931830344630210139e-02
4.590789489348152674e-01 3.614739319990429300e-01 1.760105406645148113e-02 7.728197964286040444e-02 1.391873860569100077e-02 2.362426205114898092e-02 2.753723115491475693e-02 1.948385354507578202e-02
4.559657786549655700e-01 3.633856630839820134e-01 1.772524375585920672e-02 7.757512184477673156e-02 1.407846533717053983e-02 2.386673327735408523e-02 2.775363068070706499e-02 1.964936336518547863e-02
4.528904456633698894e-01 3.652614214770564249e-01 1.784898869983361086e-02 7.786583005390113055e-02 1.423862180054120616e-02 2.410963983132733898e-02 2.797022216828903146e-02 1.981483030568193318e-02
4.498529980374725845e-01 3.671011603901332965e-01 1.797228267893520581e-02 7.815412851804577621e-02 1.439919926782832690e-02 2.435297413490749435e-02 2.818700511932774322e-02 1.998025185335024212e-02
4.468534734517931595e-01 3.689048432059426341e-01 1.809511959707510442e-02 7.844004143979207977e-02 1.456018902591344616e-02 2.459672869930286387e-02 2.840397899905757959e-02 2.014562558112380566e-02
4.438918993366930410e-01 3.706724433237387206e-01 1.821749348160587104e-02 7.872359297166196812e-02 1.472158237795744007e-02 2.484089612487248161e-02 2.862114323694898640e-02 2.031094914652223707e-02
4.409682930371653375e-01 3.724039440049041749e-01 1.833939848337684878e-02 7.900480721137938256e-02 1.488337064480364270e-02 2.508546910089059362e-02 2.883849722736835444e-02 2.047622029011247902e-02
4.380826619716081116e-01 3.740993382185381355e-01 1.846082887675453560e-02 7.928370819722267704e-02 1.504554516636084395e-02 2.533044040529508142e-02 2.905604033022894661e-02 2.064143683399246101e-02
4.352350037905428071e-01 3.757586284870665372e-01 1.858177905960842202e-02 7.956031990346693061e-02 1.520809730296595122e-02 2.557580290441995030e-02 2.927377187163346731e-02 2.080659668029666287e-02
4.324253065352385850e-01 3.773818267319135611e-01 1.870224355326307805e-02 7.983466623591603528e-02 1.537101843672624216e-02 2.582154955271221894e-02 2.949169114450806220e-02 2.097169780972280365e-02
4.296535487962049871e-01 3.789689541192720057e-01 1.882221700241686405e-02 8.010677102752475354e-02 1.553429997284094290e-02 2.606767339243349496e-02 2.970979740922835566e-02 2.113673828007921196e-02
4.269196998715156233e-01 3.805200409060089939e-01 1.894169417502787611e-02 8.037665803410948273e-02 1.569793334090222384e-02 2.631416755334663529e-02 2.992808989423753618e-02 2.130171622485219768e-02
4.242237199249264679e-01 3.820351262857457075e-01 1.906066996216773321e-02 8.064435093014817035e-02 1.586190999617529199e-02 2.656102525238755035e-02 3.014656779665660785e-02 2.146662985179288718e-02
4.215655601437527378e-01 3.835142582351447338e-01 1.917913937784373329e-02 8.090987330466870020e-02 1.602622142085760246e-02 2.680823979332275231e-02 3.036523028288718937e-02 2.163147744152300531e-02
4.189451628964678820e-01 3.849574933604417715e-01 1.929709755878984342e-02 8.117324865722523597e-02 1.619085912531716132e-02 2.705580456639268203e-02 3.058407648920686769e-02 2.179625734615904878e-02
4.163624618899914864e-01 3.863648967442564475e-01 1.941453976422724548e-02 8.143450039396231410e-02 1.635581464930964748e-02 2.730371304794129705e-02 3.080310552235740115e-02 2.196096798795450084e-02
4.138173823266309559e-01 3.877365417927161606e-01 1.953146137559486420e-02 8.169365182376625567e-02 1.652107956317462947e-02 2.755195880003215650e-02 3.102231646012583097e-02 2.212560785795943466e-02
4.113098410606426114e-01 3.890725100829261485e-01 1.964785789625046741e-02 8.195072615450357811e-02 1.668664546901041379e-02 2.780053547005116588e-02 3.124170835191873719e-02 2.229017551469727326e-02
4.088397467543810060e-01 3.903728912108186400e-01 1.976372495114291430e-02 8.220574648934529660e-02 1.685250400182789279e-02 2.804943679029658563e-02 3.146128021932972918e-02 2.245466958285818534e-02
4.064070000340028743e-01 3.916377826394151218e-01 1.987905828645609302e-02 8.245873582317776729e-02 1.701864683068306586e-02 2.829865657755629982e-02 3.168103105670046216e-02 2.261908875200877370e-02
4.040114936446932425e-01 3.928672895475297522e-01 1.999385376922501595e-02 8.270971703909851813e-02 1.718506565978835873e-02 2.854818873267276486e-02 3.190095983167511723e-02 2.278343177531762589e-02
4.016531126053846656e-01 3.940615246789496151e-01 2.010810738692477007e-02 8.295871290499753914e-02 1.735175222960270991e-02 2.879802724009599552e-02 3.212106548574867465e-02 2.294769746829649140e-02
3.993317343629366745e-01 3.952206081921177949e-01 2.022181524703276986e-02 8.320574607022232505e-02 1.751869831790036844e-02 2.904816616742475488e-02 3.234134693480897327e-02 2.311188470755668259e-02
3.970472289457473436e-01 3.963446675103525774e-01 2.033497357656482291e-02 8.345083906232771132e-02 1.768589574081850732e-02 2.929859966493632284e-02 3.256180306967282334e-02 2.327599242958039785e-02
3.947994591167655054e-01 3.974338371726292563e-01 2.044757872158566372e-02 8.369401428390833841e-02 1.785333635388356571e-02 2.954932196510513115e-02 3.278243275661625600e-02 2.344001962950670662e-02
3.925882805258781305e-01 3.984882586849557429e-01 2.055962714669446606e-02 8.393529400951454944e-02 1.802101205301630607e-02 2.980032738211052523e-02 3.300323483789890239e-02 2.360396535993189437e-02
3.904135418616401787e-01 3.995080803723675689e-01 2.067111543448570815e-02 8.417470038265031929e-02 1.818891477551583952e-02 3.005161031133393376e-02 3.322420813228290498e-02 2.376782872972392838e-02
3.882750850023247713e-01 4.004934572315712593e-01 2.078204028498624456e-02 8.441225541285302114e-02 1.835703650102236267e-02 3.030316522884581726e-02 3.344535143554620837e-02 2.393160890285078377e-02
3.861727451662605448e-01 4.014445507842625549e-01 2.089239851506873719e-02 8.464798097285437806e-02 1.852536925245882801e-02 3.055498669088256222e-02 3.366666352099046550e-02 2.409530509722241157e-02
3.841063510614361465e-01 4.023615289311451293e-01 2.100218705784243425e-02 8.488189879582171138e-02 1.869390509695146446e-02 3.080706933331370245e-02 3.388814313994373273e-02 2.425891658354608141e-02
3.820757250343415623e-01 4.032445658066758920e-01 2.111140296202129382e-02 8.511403047267974975e-02 1.886263614672944663e-02 3.105940787109970000e-02 3.410978902225789144e-02 2.442244268419508160e-02
3.800806832180219086e-01 4.040938416345616901e-01 2.122004339127046488e-02 8.534439744951106965e-02 1.903155456000339002e-02 3.131199709774057371e-02 3.433159987680109437e-02 2.458588277209025619e-02
3.781210356793220928e-01 4.049095425840326667e-01 2.132810562353134806e-02 8.557302102503591690e-02 1.920065254182308154e-02 3.156483188471566337e-02 3.455357439194511882e-02 2.474923626959453851e-02
3.761965865652937557e-01 4.056918606269139804e-01 2.143558705032587094e-02 8.579992234816948005e-02 1.936992234491427198e-02 3.181790718091484504e-02 3.477571123604807080e-02 2.491250264742004769e-02
3.743071342487447328e-01 4.064409933955216991e-01 2.154248517604049479e-02 8.602512241565732354e-02 1.953935627049482870e-02 3.207121801206137823e-02 3.499800905793195444e-02 2.507568142354777221e-02
3.724524714729063879e-01 4.071571440414041287e-01 2.164879761719042811e-02 8.624864206978695436e-02 1.970894666907000922e-02 3.232475948012671768e-02 3.522046648735586982e-02 2.523877216215959784e-02
3.706323854951976138e-01 4.078405210949501702e-01 2.175452210166460912e-02 8.647050199617582755e-02 1.987868594120737950e-02 3.257852676273759185e-02 3.544308213548439529e-02 2.540177447258246818e-02
3.688466582300621854e-01 4.084913383258880759e-01 2.185965646795192882e-02 8.669072272163502735e-02 2.004856653829092603e-02 3.283251511257555960e-02 3.566585459535159125e-02 2.556468800824478541e-02
3.670950663908607026e-01 4.091098146046938666e-01 2.196419866434923956e-02 8.690932461210697235e-02 2.021858096325500689e-02 3.308671985676935046e-02 3.588878244232034803e-02 2.572751246564459679e-02
3.653773816307948619e-01 4.096961737649300050e-01 2.206814674815157917e-02 8.712632787067832452e-02 2.038872177129777419e-02 3.334113639628015491e-02 3.611186423453761202e-02 2.589024758332972992e-02
3.636933706828445190e-01 4.102506444665356966e-01 2.217149888482522133e-02 8.734175253566509034e-02 2.055898157057447703e-02 3.359576020528035056e-02 3.633509851338500435e-02 2.605289314088957836e-02
3.620427954986984442e-01 4.107734600600858599e-01 2.227425334716396157e-02 8.755561847877134374e-02 2.072935302287058981e-02 3.385058683052565714e-02 3.655848380392551222e-02 2.621544895795854813e-02
3.604254133866595100e-01 4.112648584520392503e-01 2.237640851442913512e-02 8.776794540331935013e-02 2.089982884425498413e-02 3.410561189072114363e-02 3.678201861534559358e-02 2.637791489323097413e-02
3.588409771485067123e-01 4.117250819709925014e-01 2.247796287147393879e-02 8.797875284255131378e-02 2.107040180571306820e-02 3.436083107588132346e-02 3.700570144139359030e-02 2.654029084348745460e-02
3.572892352152953199e-01 4.121543772349597345e-01 2.257891500785240077e-02 8.818806015800123577e-02 2.124106473376032034e-02 3.461624014668453903e-02 3.722953076081376295e-02 2.670257674263254097e-02
3.557699317820787188e-01 4.125529950196922258e-01 2.267926361691369880e-02 8.839588653793711837e-02 2.141181051103599464e-02 3.487183493382190608e-02 3.745350503777646750e-02 2.686477256074364453e-02
3.542828069415357439e-01 4.129211901280569474e-01 2.277900749488196916e-02 8.860225099587160091e-02 2.158263207687739077e-02 3.512761133734105395e-02 3.767762272230423815e-02 2.702687830313105916e-02
3.528275968164850673e-01 4.132592212604883075e-01 2.287814553992250158e-02 8.880717236914134616e-02 2.175352242787466361e-02 3.538356532598498083e-02 3.790188225069398426e-02 2.718889400940911402e-02
3.514040336912748197e-01 4.135673508865302939e-01 2.297667675119438591e-02 8.901066931755401146e-02 2.192447461840635672e-02 3.563969293652618359e-02 3.812628204593547510e-02 2.735081975257832101e-02
3.500118461420291816e-01 4.138458451174824582e-01 2.307460022789038778e-02 8.921276032210155582e-02 2.209548176115581908e-02 3.589599027309633289e-02 3.835082051812568893e-02 2.751265563811845088e-02
3.486507591657385663e-01 4.140949735801647269e-01 2.317191516826430306e-02 8.941346368374025744e-02 2.226653702760857459e-02 3.615245350651160455e-02 3.857549606487957472e-02 2.767440180309238898e-02
3.473204943081797391e-01 4.143150092918153060e-01 2.326862086864640855e-02 8.961279752223552664e-02 2.243763364853080741e-02 3.640907887359424999e-02 3.880030707173699744e-02 2.783605841526095095e-02
3.460207697906524382e-01 4.145062285361352239e-01 2.336471672244731790e-02 8.981077977507127830e-02 2.260876491442921979e-02 3.666586267649021152e-02 3.902525191256586701e-02 2.799762567220833928e-02
3.447513006355186760e-01 4.146689107404913921e-01 2.346020221915082540e-02 9.000742819642347514e-02 2.277992417599221039e-02 3.692280128198331679e-02 3.925032894996171445e-02 2.815910380047823014e-02
3.435117987905330628e-01 4.148033383542921726e-01 2.355507694329602927e-02 9.020276035619596844e-02 2.295110484451265767e-02 3.717989112080608005e-02 3.947553653564341708e-02 2.832049305472061906e-02
3.423019732519516634e-01 4.149097967285451660e-01 2.364934057344939000e-02 9.039679363911920507e-02 2.312230039229247469e-02 3.743712868694745732e-02 3.970087301084537779e-02 2.848179371684913044e-02
3.411215301864089500e-01 4.149885739966123754e-01 2.374299288116693551e-02 9.058954524390988583e-02 2.329350435302892861e-02 3.769451053695779125e-02 3.992633670670612395e-02 2.864300609520884291e-02
3.399701730515503617e-01 4.150399609561689629e-01 2.383603372994719596e-02 9.078103218249145012e-02 2.346471032218317918e-02 3.795203328925104980e-02 4.015192594465303438e-02 2.880413052375468963e-02
3.388476027154110337e-01 4.150642509523801427e-01 2.392846307417520468e-02 9.097127127927426282e-02 2.363591195733080741e-02 3.820969362340458780e-02 4.037763903678384669e-02 2.896516736124009339e-02
3.377535175745308149e-01 4.150617397623037608e-01 2.402028095805807187e-02 9.116027917049514262e-02 2.380710297849487553e-02 3.846748827945686150e-02 4.060347428624427879e-02 2.912611699041617319e-02
3.366876136707950273e-01 4.150327254805300514e-01 2.411148751455246403e-02 9.134807230361477459e-02 2.397827716846142806e-02 3.872541405720286711e-02 4.082942998760227121e-02 2.928697981724108154e-02
3.356495848069935839e-01 4.149775084060650654e-01 2.420208296428447148e-02 9.153466693677274335e-02 2.414942837307767695e-02 3.898346781548805984e-02 4.105550442721860732e-02 2.944775627009977442e-02
3.346391226610876402e-01 4.148963909304692610e-01 2.429206761446222468e-02 9.172007913829929859e-02 2.432055050153308223e-02 3.924164647150048951e-02 4.128169588361397385e-02 2.960844679903390508e-02
3.336559168991782287e-01 4.147896774272572529e-01 2.438144185778172088e-02 9.190432478628306201e-02 2.449163752662345331e-02 3.949994700006154158e-02 4.150800262783259365e-02 2.976905187498196659e-02
3.326996552871667734e-01 4.146576741425677670e-01 2.447020617132614553e-02 9.208741956819344043e-02 2.466268348499825805e-02 3.975836643291553313e-02 4.173442292380229179e-02 2.992957198902954780e-02
3.317700238011023206e-01 4.145006890871104632e-01 2.455836111545922629e-02 9.226937898055768972e-02 2.483368247739128551e-02 4.001690185801827504e-02 4.196095502869092581e-02 3.009000765166970626e-02
3.308667067362069947e-01 4.143190319293957868e-01 2.464590733271295950e-02 9.245021832869121381e-02 2.500462866883490162e-02 4.027555041882487780e-02 4.218759719325956142e-02 3.025035939207340596e-02
3.299893868145752363e-01 4.141130138902569535e-01 2.473284554666998689e-02 9.262995272648068268e-02 2.517551628885797074e-02 4.053430931357680789e-02 4.241434766221201247e-02 3.041062775736999568e-02
3.291377452915386637e-01 4.138829476386661210e-01 2.481917656084117046e-02 9.280859709621896991e-02 2.534633963166777956e-02 4.079317579458850707e-02 4.264120467454080021e-02 3.057081331193757523e-02
3.283114620606931155e-01 4.136291471888535742e-01 2.490490125753865372e-02 9.298616616849110506e-02 2.551709305631600505e-02 4.105214716753394222e-02 4.286816646386982371e-02 3.073091663670345780e-02
3.275102157575816020e-01 4.133519277987334761e-01 2.499002059674473517e-02 9.316267448211046354e-02 2.568777098684891375e-02 4.131122079073285686e-02 4.309523125879337335e-02 3.089093832845437801e-02
3.267336838620296113e-01 4.130516058696408477e-01 2.507453561497707123e-02 9.333813638410458358e-02 2.585836791244210814e-02 4.157039407443716139e-02 4.332239728321173738e-02 3.105087899915665722e-02
3.259815427991270553e-01 4.127284988473859384e-01 2.515844742415032989e-02 9.351256602974938881e-02 2.602887838751985483e-02 4.182966448011776056e-02 4.354966275666329739e-02 3.121073927528614581e-02
3.252534680388543542e-01 4.123829251246268202e-01 2.524175721043498896e-02 9.368597738265162234e-02 2.619929703185926162e-02 4.208902951975156126e-02 4.377702589465315430e-02 3.137051979716799083e-02
3.245491341943492758e-01 4.120152039445661996e-01 2.532446623311317840e-02 9.385838421487797956e-02 2.636961853067947351e-02 4.234848675510933386e-02 4.400448490897830578e-02 3.153022121832603497e-02
3.238682151188099767e-01 4.116256553059753909e-01 2.540657582343243057e-02 9.402980010713067605e-02 2.653983763471605764e-02 4.260803379704421884e-02 4.423203800804915292e-02 3.168984420484208253e-02
