9.965874162849563955e-01 1.060599792311607559e-03 1.746426212655471715e-04 1.704289020404421966e-03 2.890477503097832904e-05 9.207849315844662374e-05 2.204899942051826269e-04 1.315790186672784385e-04
9.932686801116099584e-01 2.232838370610092538e-03 3.341790198092603383e-04 3.253698081128944021e-03 5.604168327536937705e-05 1.748712003560714959e-04 4.251255972082701885e-04 2.545659360020549968e-04
9.900263704899257000e-01 3.515063787060340207e-03 4.801177125814628686e-04 4.663070634453225262e-03 8.148884333261644419e-05 2.494307557953385070e-04 6.148726529185358919e-04 3.695851239327588777e-04
9.868447020267571146e-01 4.905719224832955430e-03 6.138170162347616988e-04 5.945854625482225458e-03 1.053279657550136150e-04 3.166964355651019896e-04 7.906635559689024692e-04 4.772191494039617222e-04
9.837093934273197782e-01 6.403321133770054074e-03 7.365001216738180064e-04 7.114230091984167711e-03 1.276428957045809488e-04 3.775060278961252431e-04 9.533951563880542013e-04 5.780111452635738672e-04
9.806075457483198754e-01 8.006440860474936180e-03 8.492686477232164535e-04 8.179225502309706020e-03 1.485183971814563338e-04 4.326064786737885792e-04 1.103927254430078341e-03 6.724671108870453658e-04
9.775275297705461330e-01 9.713689294124441126e-03 9.531148271685754110e-04 9.150823779838326497e-03 1.680391470943349034e-04 4.826634383586743209e-04 1.243081609567863030e-03 7.610581333016936886e-04
9.744588818881835257e-01 1.152370410972089129e-02 1.048932463113656181e-03 1.003805888771248413e-02 1.862889111506720041e-04 5.282698233272496323e-04 1.371641394670306685e-03 8.442225221212021173e-04
9.713922079418593203e-01 1.343513924368356857e-02 1.137526779789908675e-03 1.084910377820894230e-02 2.033498768488452356e-04 5.699534929025763894e-04 1.490351032973158928e-03 9.223678537337175101e-04
9.683190944521294918e-01 1.544665628347540939e-02 1.219623279509847967e-03 1.159135044666229422e-02 2.193021217977866681e-04 6.081841328473335060e-04 1.599916361614977601e-03 9.958729219628097758e-04
9.652320267395124720e-01 1.755691749409501318e-02 1.295875706240426752e-03 1.227148277010558022e-02 2.342231982092153543e-04 6.433794267035325551e-04 1.701005071245558289e-03 1.065089593888019458e-03
9.621243134460280011e-01 1.976458024041025108e-02 1.366873206168244372e-03 1.289554275544531510e-02 2.481878167372164601e-04 6.759105879650949581e-04 1.794247376531827101e-03 1.130344570713934585e-03
9.589900170013568870e-01 2.206829259603438134e-02 1.433146766527176310e-03 1.346899077076873542e-02 2.612676149099037344e-04 7.061073185540341513e-04 1.880236877297089765e-03 1.191941054551478099e-03
9.558238896040498478e-01 2.446668995727681317e-02 1.495175005763219392e-03 1.399676028602743830e-02 2.735309972355563042e-04 7.342622523432737296e-04 1.959531574548267069e-03 1.250160322755305932e-03
9.526213143145708662e-01 2.695839250509000223e-02 1.553389380732706718e-03 1.448330760560125573e-02 2.850430356955090095e-04 7.606349364444382104e-04 2.032655009789118700e-03 1.305263212075796894e-03
9.493782508823180866e-01 2.954200337928979819e-02 1.608178869988597694e-03 1.493265703487912412e-02 2.958654207802643380e-04 7.854553975819783063e-04 2.100097499803879261e-03 1.357491515358084499e-03
9.460911859530294343e-01 3.221610744800453702e-02 1.659894186232957307e-03 1.534844188577022366e-02 3.060564545036197157e-04 8.089273360385898330e-04 2.162317442544507088e-03 1.407069293875773267e-03
9.427570873261599260e-01 3.497927057163152664e-02 1.708851565636624508e-03 1.573394169176212110e-02 3.156710779598720720e-04 8.312309853214156809e-04 2.219742672885968975e-03 1.454204108642370664e-03
9.393733619538582325e-01 3.783003927482347928e-02 1.755336176890316983e-03 1.609211597156651880e-02 3.247609269873578605e-04 8.525256718107102798e-04 2.272771849847702013e-03 1.499088174215358268e-03
9.359378173941126366e-01 4.076694075244800819e-02 1.799605188501572769e-03 1.642563485134425003e-02 3.333744103820510379e-04 8.729521051651919572e-04 2.321775859435664443e-03 1.541899438610470430e-03
9.324486264504343591e-01 4.378848314627299676e-02 1.841890528940739839e-03 1.673690682879488620e-02 3.415568058805345262e-04 8.926344271289475595e-04 2.367099219558023784e-03 1.582802592989256563e-03
9.289042947491830127e-01 4.689315603853208558e-02 1.882401370723116828e-03 1.702810393786243284e-02 3.493503698139005932e-04 9.116820435758688553e-04 2.409061475527555368e-03 1.621950014781932663e-03
9.253036310232696238e-01 5.007943111668110292e-02 1.921326366353888959e-03 1.730118455028361452e-02 3.567944569333531468e-04 9.301912621056593593e-04 2.447958576503926273e-03 1.659482647868745515e-03
9.216457198875900314e-01 5.334576297073259643e-02 1.958835661222309028e-03 1.755791402953944466e-02 3.639256474337203198e-04 9.482467552404811846e-04 2.484064224866777779e-03 1.695530823374378441e-03
9.179298969071314485e-01 5.669058999066851900e-02 1.995082705979429882e-03 1.779988343382181426e-02 3.707778786610023327e-04 9.659228672366655362e-04 2.517631191963036821e-03 1.730215024537663359e-03
9.141557257733263775e-01 6.011233533671694884e-02 2.030205888640856417e-03 1.802852644726251827e-02 3.773825793918893917e-04 9.832847806976654365e-04 2.548892594954905305e-03 1.763646599008711346e-03
9.103229774179231182e-01 6.360940795983011098e-02 2.064330004596266581e-03 1.824513470276969279e-02 3.837688049234827276e-04 1.000389557531371080e-03 2.578063130623849206e-03 1.795928421802044485e-03
9.064316109064584071e-01 6.718020365361304647e-02 2.097567580857440973e-03 1.845087164526084192e-02 3.899633715161583388e-04 1.017287067317926156e-03 2.605340262974615000e-03 1.827155512001381842e-03
9.024817559653670607e-01 7.082310612231076941e-02 2.130020069215029371e-03 1.864678507076608996e-02 3.959909889968862666e-04 1.034020814826320861e-03 2.630905362345159742e-03 1.857415606172620193e-03
8.984736970079327811e-01 7.453648805232682140e-02 2.161778921482232149e-03 1.883381846470047818e-02 4.018743905590857046e-04 1.050628677224007840e-03 2.654924794475637968e-03 1.886789691298938277e-03
8.944078585346733057e-01 7.831871217719979517e-02 2.192926558663795770e-03 1.901282125147873980e-02 4.076344589924229883e-04 1.067143560450057671e-03 2.677550958633768182e-03 1.915352499908055429e-03
8.902847917934268995e-01 8.216813232803740763e-02 2.223537244685732002e-03 1.918455805748383800e-02 4.132903487456078811e-04 1.083593983256620321e-03 2.698923274445415386e-03 1.943172969918272172e-03
8.861051625934046605e-01 8.608309446316871061e-02 2.253677874241168111e-03 1.934971708012367397e-02 4.188596033705345749e-04 1.100004596554863797e-03 2.719169117547982212e-03 1.970314671588451437e-03
8.818697401758188725e-01 9.006193767225996460e-02 2.283408683338015305e-03 1.950891764724518862e-02 4.243582680199962844e-04 1.116396644920279041e-03 2.738404704578961853e-03 1.996836203818721980e-03
8.775793870514581041e-01 9.410299515138273452e-02 2.312783890263677995e-03 1.966271704345433358e-02 4.298009967763277489e-04 1.132788376409455278e-03 2.756735928341145885e-03 2.022791561914219060e-03
8.732350497227547859e-01 9.820459514655649480e-02 2.341852273900455871e-03 1.981161667285181310e-02 4.352011546770271776e-04 1.149195406208318058e-03 2.774259144256802957e-03 2.048230478794375517e-03
8.688377502145530062e-01 1.023650618641532006e-01 2.370657695623730899e-03 1.995606762128080205e-02 4.405709143777417547e-04 1.165631039063261612e-03 2.791061909442629774e-03 2.073198741505541485e-03
8.643885783439451131e-01 1.065827163472516381e-01 2.399239570385133281e-03 2.009647567534075807e-02 4.459213474548354671e-04 1.182106554935241898e-03 2.807223675911535692e-03 2.097738484775421228e-03
8.598886846652351590e-01 1.108558773176103740e-01 2.427633292017393127e-03 2.023320585010291231e-02 4.512625104006965510e-04 1.198631461857051000e-03 2.822816439541958079e-03 2.121888463234169065e-03
8.553392740313587872e-01 1.151828619833873413e-01 2.455870617289890399e-03 2.036658647262216612e-02 4.566035254064403385e-04 1.215213719560470380e-03 2.837905346555579314e-03 2.145684303819088944e-03
8.507415997179490486e-01 1.195619868131053698e-01 2.483980012788027363e-03 2.049691286393700088e-02 4.619526560599967590e-04 1.231859937068251632e-03 2.852549259314502827e-03 2.169158739777721744e-03
8.460969580607187179e-01 1.239915682766498384e-01 2.511986968280223703e-03 2.062445065824453430e-02 4.673173781138555724e-04 1.248575547111686499e-03 2.866801283293335390e-03 2.192341827587712764e-03
8.414066835609723682e-01 1.284699235543042273e-01 2.539914279868760432e-03 2.074943879429822988e-02 4.727044454969752535e-04 1.265364959934191973e-03 2.880709257103856828e-03 2.215261148020999157e-03
8.366721444178701894e-01 1.329953712149909983e-01 2.567782305890519735e-03 2.087209221076833168e-02 4.781199517604133682e-04 1.282231698771492704e-03 2.894316207453347112e-03 2.237941992494568971e-03
8.318947384495727349e-01 1.375662318650002769e-01 2.595609198237184938e-03 2.099260427430107642e-02 4.835693871568736086e-04 1.299178519056560111e-03 2.907660770905125605e-03 2.260407535769934795e-03
8.270758893686396274e-01 1.421808287685629724e-01 2.623411111498039506e-03 2.111114896628540211e-02 4.890576915612601791e-04 1.316207513179799013e-03 2.920777584284039389e-03 2.282678995988571356e-03
8.222170433800082279e-01 1.468374884416665804e-01 2.651202392089197120e-03 2.122788285185974247e-02 4.945893034430757108e-04 1.333320202439523946e-03 2.933697645532815871e-03 2.304775782960428055e-03
8.173196660726287366e-01 1.515345412205255093e-01 2.678995749318032957e-03 2.134294685244573705e-02 5.001682051026016228e-04 1.350517617642391305e-03 2.946448646779447657e-03 2.326715635557226238e-03
8.123852395783277558e-01 1.562703218061137767e-01 2.706802410138273510e-03 2.145646784105795929e-02 5.057979643817212857e-04 1.367800369656092590e-03 2.959055281322837787e-03 2.348514749001215113e-03
8.074152599737889346e-01 1.610431697861401390e-01 2.734632259177487059e-03 2.156856007779173537e-02 5.114817730573653458e-04 1.385168711075511179e-03 2.971539526185415156e-03 2.370187892783210369e-03
8.024112349036426339e-01 1.658514301358104404e-01 2.762493965462486413e-03 2.167932650121634844e-02 5.172224821212198075e-04 1.402622590037055309e-03 2.983920901818704931e-03 2.391748519890818294e-03
7.973746814046078768e-01 1.706934536986729201e-01 2.790395097127685436e-03 2.178885988988431971e-02 5.230226341438363406e-04 1.420161697102530294e-03 2.996216710482036381e-03 2.413208867978561441e-03
7.923071239123973264e-01 1.755675976487849343e-01 2.818342225265080183e-03 2.189724390679247470e-02 5.288844929148662317e-04 1.437785506032412822e-03 3.008442254746790563e-03 2.434580053065869398e-03
7.872100924347331663e-01 1.804722259353815361e-01 2.846341017960894119e-03 2.200455403838660895e-02 5.348100705440349528e-04 1.455493309177510394e-03 3.020611037509679259e-03 2.455872156306461700e-03
7.820851208753081263e-01 1.854057097111565522e-01 2.874396325461574773e-03 2.211085843857463901e-02 5.408011521998474938e-04 1.473284248136699174e-03 3.032734944829194087e-03 2.477094304333193626e-03
7.769337454948948007e-01 1.903664277452044307e-01 2.902512257319812047e-03 2.221621868719387757e-02 5.468593186550592790e-04 1.491157340255717164e-03 3.044824412830361270e-03 2.498254743645892794e-03
7.717575034970507453e-01 1.953527668215984670e-01 2.930692252288312136e-03 2.232069047145544827e-02 5.529859667997471173e-04 1.509111501477028352e-03 3.056888579854606831e-03 2.519360909475769003e-03
7.665579317270140303e-01 2.003631221245164573e-01 2.958939141654434984e-03 2.242432419805491517e-02 5.591823282745442400e-04 1.527145565992717039e-03 3.068935424964513298e-03 2.540419489528544360e-03
7.613365654734211008e-01 2.053958976107577716e-01 2.987255206641555288e-03 2.252716554288382300e-02 5.654494863682954509e-04 1.545258303100591375e-03 3.080971893847731999e-03 2.561436482979260586e-03
7.560949373634362480e-01 2.104495063704273361e-01 3.015642230442406278e-03 2.262925594459492748e-02 5.717883913161727651e-04 1.563448431617438673e-03 3.093004013100762121e-03 2.582417255064741943e-03
7.508345763427484165e-01 2.155223709765039242e-01 3.044101545395072866e-03 2.273063304765804427e-02 5.781998741261925971e-04 1.581714632162186220e-03 3.105036993811712432e-03 2.603366587594576915e-03
7.455570067326848793e-01 2.206129238239459833e-01 3.072634075763064961e-03 2.283133109998656055e-02 5.846846590541783387e-04 1.600055557585037353e-03 3.117075325302001015e-03 2.624288725678339262e-03
7.402637473574177340e-01 2.257196074589329082e-01 3.101240376536514975e-03 2.293138130971222530e-02 5.912433748395267991e-04 1.618469841785953860e-03 3.129122859830039873e-03 2.645187420945196467e-03
7.349563107348922042e-01 2.308408748987835213e-01 3.129920668631480489e-03 2.303081216523168717e-02 5.978765648067274358e-04 1.636956107136835602e-03 3.141182889005639679e-03 2.666065971512146787e-03
7.296362023257128016e-01 2.359751899430434507e-01 3.158674870828243487e-03 2.312964972223862867e-02 6.045846959304360243e-04 1.655512970695892415e-03 3.153258212611998249e-03 2.686927258938636136e-03
7.243049198347666362e-01 2.411210274761850514e-01 3.187502628756830499e-03 2.322791786108570344e-02 6.113681669550860868e-04 1.674139049379793926e-03 3.165351200482931747e-03 2.707773782388179541e-03
7.189639525608576553e-01 2.462768737623171056e-01 3.216403341208612637e-03 2.332563851748654590e-02 6.182273156534858274e-04 1.692832964238830075e-03 3.177463848036250326e-03 2.728607690201704898e-03
7.136147807900875550e-01 2.514412267322611028e-01 3.245376184026190457e-03 2.342283188926768886e-02 6.251624253026579620e-04 1.711593343962278984e-03 3.189597826020050281e-03 2.749430809072664524e-03
7.082588752291172352e-01 2.566125962633130086e-01 3.274420131799814226e-03 2.351951662160827600e-02 6.321737304492971651e-04 1.730418827725212650e-03 3.201754524986992912e-03 2.770244671000234374e-03
7.028976964748278045e-01 2.617895044519715775e-01 3.303533977576865368e-03 2.361570997296159533e-02 6.392614220316628895e-04 1.749308067473848106e-03 3.213935094972434226e-03 2.791050538184297689e-03
6.975326945172311000e-01 2.669704858798837011e-01 3.332716350771333311e-03 2.371142796363102934e-02 6.464256519194893713e-04 1.768259729734058660e-03 3.226140480815371196e-03 2.811849426014137541e-03
6.921653082727923234e-01 2.721540878732264246e-01 3.361965733442500923e-03 2.380668550877531112e-02 6.536665369285722541e-04 1.787272497016647362e-03 3.238371453526657073e-03 2.832642124291860890e-03
6.867969651456040658e-01 2.773388707557187249e-01 3.391280475096020239e-03 2.390149653743812996e-02 6.609841623620650759e-04 1.806345068883262158e-03 3.250628638076531914e-03 2.853429216821434713e-03
6.814290806141036771e-01 2.825234080954312499e-01 3.420658806146086982e-03 2.399587409903649118e-02 6.683785851262027695e-04 1.825476162728278473e-03 3.262912537943346743e-03 2.874211099484839417e-03
6.760630578412567537e-01 2.877062869455385696e-01 3.450098850164292665e-03 2.408983045859675737e-02 6.758498364641279564e-04 1.844664514324460174e-03 3.275223556737143649e-03 2.894987996918086184e-03
6.707002873063350190e-01 2.928861080791410054e-01 3.479598635028889261e-03 2.418337718189667376e-02 6.833979243477319044e-04 1.863908878173574065e-03 3.287562017185511644e-03 2.915759977891757126e-03
6.653421464566054988e-01 2.980614862182638380e-01 3.509156103077481700e-03 2.427652521155406959e-02 6.910228355639300157e-04 1.883208027697365382e-03 3.299928177744766971e-03 2.936526969493188054e-03
6.599899993774174245e-01 3.032310502571243793e-01 3.538769120356408636e-03 2.436928493499700490e-02 6.987245375285297848e-04 1.902560755299215938e-03 3.312322247076840680e-03 2.957288770200405380e-03
6.546451964793251754e-01 3.083934434797457880e-01 3.568435485051323769e-03 2.446166624515496227e-02 7.065029798578531875e-04 1.921965872322351377e-03 3.324744396611279979e-03 2.978045061931437320e-03
6.493090742010269034e-01 3.135473237719818007e-01 3.598152935175512844e-03 2.455367859462491420e-02 7.143580957254789827e-04 1.941422208926628108e-03 3.337194771392352696e-03 2.998795421146564083e-03
6.439829547270201626e-01 3.186913638280055583e-01 3.627919155585250695e-03 2.464533104398906188e-02 7.222898030289093014e-04 1.960928613902523671e-03 3.349673499393298476e-03 3.019539329075452121e-03
6.386681457189886668e-01 3.238242513513088783e-01 3.657731784385009639e-03 2.473663230489190484e-02 7.302980053885878980e-04 1.980483954438030242e-03 3.362180699463208477e-03 3.040276181135898991e-03
6.333659400600396561e-01 3.289446892502453368e-01 3.687588418779399503e-03 2.482759077842181319e-02 7.383825929995218749e-04 2.000087115851622351e-03 3.374716488056761499e-03 3.061005295606045173e-03
6.280776156109961761e-01 3.340513958281478013e-01 3.717486620423339320e-03 2.491821458928645400e-02 7.465434433537528102e-04 2.019737001302249722e-03 3.387280984882995363e-03 3.081725921607399339e-03
6.228044349780369471e-01 3.391431049680413978e-01 3.747423920317156411e-03 2.500851161622101235e-02 7.547804218500926525e-04 2.039432531485402007e-03 3.399874317596382998e-03 3.102437246451833323e-03
6.175476452910458880e-01 3.442185663119704531e-01 3.777397823288858141e-03 2.509848951902309347e-02 7.630933823058475224e-04 2.059172644322673513e-03 3.412496625641656210e-03 3.123138402401756577e-03
6.123084779921017518e-01 3.492765454349524568e-01 3.807405812101884689e-03 2.518815576256750247e-02 7.714821673837281724e-04 2.078956294650844382e-03 3.425148063352936000e-03 3.143828472889111970e-03
6.070881486335977240e-01 3.543158240135676484e-01 3.837445351222994357e-03 2.527751763811763100e-02 7.799466089457345519e-04 2.098782453915267777e-03 3.437828802397807464e-03 3.164506498235393570e-03
6.018878566855326850e-01 3.593351999891927218e-01 3.867513890281695961e-03 2.536658228221752576e-02 7.884865283445284187e-04 2.118650109871373852e-03 3.450539033647887725e-03 3.185171480911784016e-03
5.967087853515659068e-01 3.643334877258818660e-01 3.897608867249659128e-03 2.545535669341924753e-02 7.971017366616467599e-04 2.138558266297182694e-03 3.463278968549136048e-03 3.205822390375589592e-03
5.915521013934675887e-01 3.693095181628990309e-01 3.927727711365860096e-03 2.554384774707387992e-02 8.057920349008502754e-04 2.158505942719017232e-03 3.476048840057582769e-03 3.226458167516416727e-03
5.864189549636366072e-01 3.742621389619038563e-01 3.957867845830753857e-03 2.563206220839064908e-02 8.145572141439509856e-04 2.178492174151975581e-03 3.488848903199293690e-03 3.247077728743029586e-03
5.813104794453914925e-01 3.791902146487921010e-01 3.988026690290615017e-03 2.572000674394757727e-02 8.233970556755940357e-04 2.198516010856192866e-03 3.501679435307086547e-03 3.267679969739482621e-03
5.762277913007701757e-01 3.840926267501909019e-01 4.018201663131107208e-03 2.580768793181798318e-02 8.323113310826892259e-04 2.218576518109529119e-03 3.514540735980841400e-03 3.288263768916937103e-03
5.711719899256002542e-01 3.889682739246131393e-01 4.048390183597427860e-03 2.589511227046010708e-02 8.412998023334839360e-04 2.238672775996918777e-03 3.527433126813113353e-03 3.308827990585570030e-03
5.661441575116299418e-01 3.938160720882690202e-01 4.078589673756630000e-03 2.598228618650140140e-02 8.503622218406396227e-04 2.258803879216372216e-03 3.540356950917025822e-03 3.329371487869068301e-03
5.611453589155237509e-01 3.986349545355388768e-01 4.108797560316326293e-03 2.606921604153609323e-02 8.594983325120957550e-04 2.278968936901359151e-03 3.553312572289262297e-03 3.349893105382499223e-03
5.561766415345530401e-01 4.034238720541112322e-01 4.139011276312559370e-03 2.615590813804144488e-02 8.687078677930094644e-04 2.299167072459131541e-03 3.566300375037094374e-03 3.370391681692719559e-03
5.512390351888257767e-01 4.081817930347885204e-01 4.169228262678468903e-03 2.624236872450760177e-02 8.779905517015899451e-04 2.319397423424406600e-03 3.579320762495003753e-03 3.390866051578960913e-03
5.463335520099110720e-01 4.129077035759670111e-01 4.199445969704209726e-03 2.632860399986588704e-02 8.873460988612543723e-04 2.339659141327692180e-03 3.592374156253306475e-03 3.411315048109883966e-03
5.414611863357343680e-01 4.176006075827977115e-01 4.229661858397632500e-03 2.641462011729143328e-02 8.967742145311550237e-04 2.359951391577506420e-03 3.605460995118429934e-03 3.431737504552062699e-03
5.366229146116234805e-01 4.222595268610359609e-01 4.259873401754307731e-03 2.650042318744820144e-02 9.062745946368230615e-04 2.380273353355632972e-03 3.618581734021984742e-03 3.452132256123690082e-03
5.318196952974014735e-01 4.268835012055901545e-01 4.290078085944636944e-03 2.658601928123737954e-02 9.158469258023761673e-04 2.400624219524554424e-03 3.631736842893547486e-03 3.472498141606187791e-03
5.270524687804252206e-01 4.314715884837797555e-01 4.320273411425098326e-03 2.667141443210344423e-02 9.254908853854949043e-04 2.421003196546190044e-03 3.644926805510031228e-03 3.492834004825380329e-03
5.223221572944835023e-01 4.360228647133172486e-01 4.350456893979923884e-03 2.675661463794684961e-02 9.352061415161498767e-04 2.441409504411024087e-03 3.658152118332779357e-03 3.513138696012929000e-03
5.176296648444695947e-01 4.405364241350284704e-01 4.380626065699009045e-03 2.684162586268700260e-02 9.449923531398658413e-04 2.461842376576767275e-03 3.671413289341896036e-03 3.533411073057882851e-03
5.129758771367486370e-01 4.450113792803251922e-01 4.410778475897165173e-03 2.692645403751443497e-02 9.548491700661421774e-04 2.482301059915661100e-03 3.684710836875920020e-03 3.553650002657347644e-03
5.083616615151511642e-01 4.494468610334520497e-01 4.440911691979475967e-03 2.701110506186733817e-02 9.647762330225049176e-04 2.502784814669606166e-03 3.698045288483674080e-03 3.573854361374582175e-03
5.037878669025216416e-01 4.538420186885251950e-01 4.471023300256920206e-03 2.709558480416371026e-02 9.747731737145248201e-04 2.523292914412280600e-03 3.711417179794049281e-03 3.594023036612081431e-03
4.992553237477586059e-01 4.581960200013841522e-01 4.501110906716144881e-03 2.717989910231695047e-02 9.848396148920462913e-04 2.543824646017471807e-03 3.724827053408468619e-03 3.614154927506621484e-03
4.947648439782846852e-01 4.625080512362815810e-01 4.531172137746833882e-03 2.726405376406027328e-02 9.949751704217571577e-04 2.564379309632887349e-03 3.738275457819902753e-03 3.634248945752629936e-03
4.903172209578876006e-01 4.667773172074349830e-01 4.561204640829765247e-03 2.734805456710201824e-02 1.005179445366162060e-03 2.584956218658721570e-03 3.751762946361599828e-03 3.654304016359691959e-03
4.859132294498758609e-01 4.710030413154671636e-01 4.591206085188429681e-03 2.743190725913213085e-02 1.015452036068950148e-03 2.605554699730320070e-03 3.765290076187974028e-03 3.674319078349553517e-03
4.815536255854941938e-01 4.751844655787637595e-01 4.621174162406739561e-03 2.751561755769777254e-02 1.025792530246682479e-03 2.626174092704303652e-03 3.778857407289543287e-03 3.694293085397460773e-03
4.772391468375437595e-01 4.793208506597776974e-01 4.651106587015128684e-03 2.759919114996393918e-02 1.036200507086696993e-03 2.646813750647582751e-03 3.792465501543302187e-03 3.714225006422306949e-03
4.729705119991587936e-01 4.834114758863120587e-01 4.681001097047149569e-03 2.768263369237365309e-02 1.046675537351064202e-03 2.667473039828679483e-03 3.806114921799486767e-03 3.734113826129639366e-03
4.687484211676834489e-01 4.874556392678143779e-01 4.710855454568426207e-03 2.776595081022041611e-02 1.057217183486414266e-03 2.688151339710883291e-03 3.819806231005290660e-03 3.753958545511248968e-03
4.645735557336024835e-01 4.914526575067171277e-01 4.740667446179701316e-03 2.784914809714452572e-02 1.067824999739423178e-03 2.708848042946736690e-03 3.833539991365803642e-03 3.773758182304700736e-03
4.604465783744732255e-01 4.954018660048589151e-01 4.770434883495489053e-03 2.793223111456354102e-02 1.078498532277727970e-03 2.729562555373430885e-03 3.847316763542133096e-03 3.793511771415928810e-03
4.563681330538092995e-01 4.993026188650264152e-01 4.800155603599735692e-03 2.801520539104604066e-02 1.089237319316023120e-03 2.750294296008698371e-03 3.861137105886481170e-03 3.813218365307661020e-03
4.523388450248675419e-01 5.031542888876521236e-01 4.829827469479767640e-03 2.809807642163686045e-02 1.100040891247086160e-03 2.771042697046842158e-03 3.875001573713712701e-03 3.832877034356265387e-03
4.483593208392870899e-01 5.069562675627119486e-01 4.859448370439637017e-03 2.818084966714142284e-02 1.110908770777466669e-03 2.791807203854550310e-03 3.888910718608828455e-03 3.852486867179340073e-03
4.444301483605318515e-01 5.107079650568595586e-01 4.889016222493933368e-03 2.826353055337537182e-02 1.121840473067574947e-03 2.812587274966199188e-03 3.902865087769599468e-03 3.872046970936163148e-03
4.405518967820864495e-01 5.144088101958442794e-01 4.918528968742968792e-03 2.834612447038575150e-02 1.132835505875902805e-03 2.833382382078361312e-03 3.916865223383528098e-03 3.891556471602944638e-03
4.367251166503546833e-01 5.180582504422532875e-01 4.947984579730203836e-03 2.842863677164880060e-02 1.143893369707109321e-03 2.854192010043256345e-03 3.930911662038209450e-03 3.911014514224616864e-03
4.329503398922109891e-01 5.216557518686237849e-01 4.977381053782691314e-03 2.851107277324914716e-02 1.155013557963711131e-03 2.875015656860927492e-03 3.945004934164112603e-03 3.930420263144789386e-03
4.292280798471542758e-01 5.252007991259711739e-01 5.006716417335204186e-03 2.859343775304459476e-02 1.166195557101117487e-03 2.895852833669929072e-03 3.959145563508742992e-03 3.949772902215286687e-03
4.255588313040107873e-01 5.286928954077807497e-01 5.035988725238732706e-03 2.867573694982035112e-02 1.177438846785757885e-03 2.916703064736347016e-03 3.973334066641113008e-03 3.969071634986614736e-03
4.219430705421376437e-01 5.321315624095099839e-01 5.065196061053892085e-03 2.875797556243595010e-02 1.188742900056057906e-03 2.937565887440982300e-03 3.987570952485459605e-03 3.988315684880549931e-03
4.183812553770723808e-01 5.355163402836506936e-01 5.094336537329777551e-03 2.884015874896801723e-02 1.200107183486020385e-03 2.958440852264548979e-03 4.001856721883079171e-03 4.007504295345936350e-03
4.148738252105761970e-01 5.388467875904020543e-01 5.123408295868769023e-03 2.892229162585152266e-02 1.211531157351191388e-03 2.979327522770774950e-03 4.016191867181213675e-03 4.026636729998686604e-03
4.114212010850188950e-01 5.421224812440031959e-01 5.152409507977685245e-03 2.900437926702185629e-02 1.223014275796778559e-03 3.000225475587270114e-03 4.030576871847877871e-03 4.045712272746896168e-03
4.080237857420501713e-01 5.453430164547792280e-01 5.181338374705725391e-03 2.908642670306008440e-02 1.234555987007714519e-03 3.021134300384082597e-03 4.045012210111565906e-03 4.064730227901883035e-03
4.046819636855044089e-01 5.485080066669525412e-01 5.210193127069563321e-03 2.916843892034312602e-02 1.246155733380463438e-03 3.042053599849850638e-03 4.059498346624771346e-03 4.083689920275911621e-03
4.013961012484829616e-01 5.516170834922717869e-01 5.238972026265898037e-03 2.925042086020065643e-02 1.257812951696371745e-03 3.062982989665475123e-03 4.074035736150298861e-03 4.102590695267268814e-03
3.981665466645601392e-01 5.546698966395140484e-01 5.267673363871828995e-03 2.933237741808031318e-02 1.269527073296376242e-03 3.083922098475269397e-03 4.088624823269349298e-03 4.121431918933343534e-03
3.949936301430553298e-01 5.576661138399146012e-01 5.296295462033293912e-03 2.941431344272251239e-02 1.281297524256898345e-03 3.104870567855507434e-03 4.103266042110398880e-03 4.140212978052243246e-03
3.918776639483153579e-01 5.606054207685788882e-01 5.324836673641859634e-03 2.949623373534615567e-02 1.293123725566745763e-03 3.125828052280364266e-03 4.117959816097950532e-03 4.158933280173482579e-03
3.888189424829512908e-01 5.634875209619347736e-01 5.353295382500114150e-03 2.957814304884626849e-02 1.305005093304875685e-03 3.146794219085186257e-03 4.132706557720202366e-03 4.177592253658235846e-03
3.858177423749705737e-01 5.663121357312793647e-01 5.381670003475886969e-03 2.966004608700466977e-02 1.316941038818850119e-03 3.167768748427097266e-03 4.147506668314798924e-03 4.196189347709557670e-03
3.828743225687485929e-01 5.690790040724807985e-01 5.409958982645499126e-03 2.974194750371437351e-02 1.328930968903852200e-03 3.188751333242889532e-03 4.162360537871781334e-03 4.214724032393010571e-03
3.799889244197778293e-01 5.717878825718907265e-01 5.438160797426262218e-03 2.982385190221861077e-02 1.340974285982124902e-03 3.209741679204233551e-03 4.177268544852952292e-03 4.233195798648021341e-03
3.771617717931408098e-01 5.744385453085263382e-01 5.466273956698411256e-03 2.990576383436519339e-02 1.353070388282694896e-03 3.230739504670149254e-03 4.192231056026870899e-03 4.251604158290365164e-03
3.743930711656421328e-01 5.770307837525824324e-01 5.494297000916641312e-03 2.998768779987670899e-02 1.365218670021269010e-03 3.251744540636811783e-03 4.207248426318723616e-03 4.269948644006039441e-03
3.716830117315443882e-01 5.795644066603317102e-01 5.522228502211415369e-03 3.006962824563716441e-02 1.377418521580181434e-03 3.272756530684612936e-03 4.222320998674382667e-03 4.288228809336850841e-03
3.690317655118444673e-01 5.820392399654736870e-01 5.550067064480216847e-03 3.015158956499557411e-02 1.389669329688281944e-03 3.293775230922559808e-03 4.237449103937970980e-03 4.306444228657976651e-03
3.664394874670318103e-01 5.844551266669922862e-01 5.577811323468887320e-03 3.023357609708690608e-02 1.401970477600669729e-03 3.314800409930002394e-03 4.252633060742287523e-03 4.324594497147765844e-03
3.639063156132666399e-01 5.868119267135849526e-01 5.605459946843189059e-03 3.031559212617067692e-02 1.414321345278159430e-03 3.335831848695688853e-03 4.267873175411466755e-03 4.342679230749988024e-03
3.614323711419169527e-01 5.891095168847206853e-01 5.633011634250755482e-03 3.039764188098764697e-02 1.426721309566406082e-03 3.356869340554203499e-03 4.283169741875338804e-03 4.360698066128793939e-03
3.590177585423939277e-01 5.913477906683926033e-01 5.660465117373530107e-03 3.047972953413482025e-02 1.439169744374581847e-03 3.377912691119794048e-03 4.298523041594868449e-03 4.378650660616565347e-03
3.566625657282209705e-01 5.935266581356255511e-01 5.687819159970849275e-03 3.056185920145900944e-02 1.451666020853541877e-03 3.398961718217615412e-03 4.313933343498233160e-03 4.396536692154866775e-03
3.543668641662774399e-01 5.956460458117993628e-01 5.715072557913291815e-03 3.064403494146917054e-02 1.464209507573379764e-03 3.420016251812426494e-03 4.329400903926954730e-03 4.414355859228680408e-03
3.521307090091521097e-01 5.977058965448525107e-01 5.742224139207401448e-03 3.072626075476776394e-02 1.476799570700314691e-03 3.441076133934765999e-03 4.344925966591690718e-03 4.432107880794117563e-03
3.499541392305449139e-01 5.997061693704287544e-01 5.769272764011409461e-03 3.080854058350112820e-02 1.489435574172837855e-03 3.462141218604656689e-03 4.360508762537187825e-03 4.449792496199750716e-03
3.478371777636535267e-01 6.016468393740281861e-01 5.796217324642090329e-03 3.089087831082916458e-02 1.502116879877038805e-03 3.483211371752843732e-03 4.376149510116008647e-03 4.467409465101773378e-03
3.457798316424805507e-01 6.035278975502282872e-01 5.823056745572828367e-03 3.097327776041440550e-02 1.514842847821070478e-03 3.504286471139636972e-03 4.391848414970606768e-03 4.484958567373082371e-03
3.437820921460005286e-01 6.053493506590366113e-01 5.849789983423041989e-03 3.105574269593036271e-02 1.527612836308664922e-03 3.525366406271370108e-03 4.407605670023391140e-03 4.502439603006501076e-03
3.418439349451193321e-01 6.071112210794397113e-01 5.876416026939060115e-03 3.113827682058957491e-02 1.540426202111674523e-03 3.546451078314540994e-03 4.423421455474400681e-03 4.519852392012243397e-03
3.399653202523656992e-01 6.088135466602118129e-01 5.902933896966556550e-03 3.122088377669098025e-02 1.553282300641557236e-03 3.567540400007644316e-03 4.439295938806282066e-03 4.537196774309787579e-03
3.381461929742493600e-01 6.104563805680482957e-01 5.929342646414657685e-03 3.130356714518704037e-02 1.566180486119771956e-03 3.588634295570764746e-03 4.455229274796205542e-03 4.554472609614270903e-03
3.363864828662207485e-01 6.120397911330857088e-01 5.955641360211823276e-03 3.138633044527029681e-02 1.579120111747022272e-03 3.609732700612958752e-03 4.471221605534456828e-03 4.571679777317569186e-03
3.346861046901695724e-01 6.135638616918752675e-01 5.981829155253619995e-03 3.146917713397957145e-02 1.592100529871320587e-03 3.630835562037471043e-03 4.487273060449386772e-03 4.588818176364172115e-03
3.330449583743991804e-01 6.150286904278728928e-01 6.007905180342472742e-03 3.155211060582575888e-02 1.605121092154798484e-03 3.651942837944828144e-03 4.503383756338462038e-03 4.605887725122006192e-03
3.314629291760077257e-01 6.164343902095095196e-01 6.033868616119512571e-03 3.163513419243707547e-02 1.618181149739255937e-03 3.673054497533863316e-03 4.519553797405158335e-03 4.622888361248280766e-03
3.299398878456172302e-01 6.177810884259076207e-01 6.059718674988626153e-03 3.171825116222388996e-02 1.631280053410378477e-03 3.694170521000692767e-03 4.535783275301428184e-03 4.639820041550547954e-03
3.284756907943826576e-01 6.190689268203070084e-01 6.085454601032799608e-03 3.180146472006294134e-02 1.644417153760603005e-03 3.715290899435727719e-03 4.552072269175546325e-03 4.656682741843051927e-03
3.270701802632181021e-01 6.202980613212655259e-01 6.111075669922873786e-03 3.188477800700102033e-02 1.657591801350584556e-03 3.736415634718717130e-03 4.568420845725086436e-03 4.673476456798496791e-03
3.257231844941739785e-01 6.214686618716984690e-01 6.136581188818810741e-03 3.196819409997794792e-02 1.670803346869234943e-03 3.757544739411919962e-03 4.584829059254822738e-03 4.690201199795361424e-03
3.244345179039034299e-01 6.225809122558207953e-01 6.161970496263562483e-03 3.205171601156880240e-02 1.684051141292295783e-03 3.778678236651411299e-03 4.601296951739363046e-03 4.706857002760859304e-03
3.232039812591509520e-01 6.236350099240585143e-01 6.187242962069676444e-03 3.213534668974533937e-02 1.697334536039411205e-03 3.799816160036585243e-03 4.617824552890327679e-03 4.723443916009686418e-03
3.220313618542011702e-01 6.246311658159899860e-01 6.212397987198706173e-03 3.221908901765655614e-02 1.710652883129673779e-03 3.820958553517905722e-03 4.634411880227867764e-03 4.739962008078634458e-03
3.209164336902207149e-01 6.255696041813859631e-01 6.237435003633557372e-03 3.230294581342812305e-02 1.724005535335611152e-03 3.842105471282943833e-03 4.651058939156392860e-03 4.756411365557207220e-03
3.198589576564327408e-01 6.264505623994079953e-01 6.262353474243863814e-03 3.238691982998086888e-02 1.737391846335583018e-03 3.863256977640740306e-03 4.667765723044304919e-03 4.772792092914354689e-03
3.188586817130562023e-01 6.272742907960336955e-01 6.287152892644498094e-03 3.247101375486786956e-02 1.750811170864563721e-03 3.884413146904567692e-03 4.684532213307607620e-03 4.789104312321405474e-03
3.179153410759494869e-01 6.280410524597683786e-01 6.311832783047324757e-03 3.255523021013038976e-02 1.764262864863279465e-03 3.905574063273096162e-03 4.701358379497218472e-03 4.805348163471338981e-03
3.170286584028906285e-01 6.287511230557112363e-01 6.336392700106295572e-03 3.263957175217221257e-02 1.777746285625678895e-03 3.926739820710056610e-03 4.718244179389878730e-03 4.821523803394477982e-03
3.161983439814351482e-01 6.294047906380364488e-01 6.360832228756007484e-03 3.272404087165253078e-02 1.791260791944710145e-03 3.947910522822404081e-03 4.735189559082463376e-03 4.837631406270731689e-03
3.154240959182839643e-01 6.300023554609539556e-01 6.385150984043804802e-03 3.280863999339702491e-02 1.804805744256381388e-03 3.969086282737057866e-03 4.752194453089632169e-03 4.853671163238483001e-03
3.147056003301001992e-01 6.305441297882143914e-01 6.409348610955561791e-03 3.289337147632716285e-02 1.818380504782073862e-03 3.990267222976254247e-03 4.769258784444637897e-03 4.869643282200217076e-03
3.140425315357111558e-01 6.310304377012176946e-01 6.433424784235221121e-03 3.297823761340746423e-02 1.831984437669105428e-03 4.011453475331558730e-03 4.786382464803196415e-03 4.885547987625006583e-03
3.134345522496328473e-01 6.314616149057943328e-01 6.457379208198227825e-03 3.306324063161073662e-02 1.845616909129498689e-03 4.032645180736572042e-03 4.803565394550303978e-03 4.901385520347962925e-03
3.128813137768540753e-01 6.318380085377146571e-01 6.481211616538929896e-03 3.314838269190090864e-02 1.859277287576953461e-03 4.053842489138405336e-03 4.820807462909877834e-03 4.917156137366728887e-03
3.123824562088184931e-01 6.321599769669942193e-01 6.504921772132092953e-03 3.323366588923355736e-02 1.872964943761990398e-03 4.075045559367936748e-03 4.838108548057125542e-03 4.932860111635144554e-03
3.119376086205404297e-01 6.324278896010560036e-01 6.528509466828596661e-03 3.331909225257377594e-02 1.886679250905254519e-03 4.096254559008919577e-03 4.855468517233524177e-03 4.948497731854158491e-03
3.115463892687952985e-01 6.326421266868090809e-01 6.551974521245456859e-03 3.340466374493131912e-02 1.900419584828958244e-03 4.117469664265974161e-03 4.872887226864326161e-03 4.964069302260117750e-03
3.112084057913216961e-01 6.328030791117088549e-01 6.575316784550264484e-03 3.349038226341286006e-02 1.914185324086445286e-03 4.138691059831517242e-03 4.890364522678476364e-03 4.979575142410488757e-03
3.109232554069723542e-01 6.329111482038574099e-01 6.598536134240140169e-03 3.357624963929114331e-02 1.927975850089862393e-03 4.159918938751665241e-03 4.907900239830865000e-03 4.995015586967147848e-03
3.106905251167563775e-01 6.329667455312064650e-01 6.621632475915337213e-03 3.366226763809095773e-02 1.941790547235920303e-03 4.181153502291162609e-03 4.925494203026805316e-03 5.010390985477323859e-03
3.105097919057090428e-01 6.329702926999241086e-01 6.644605743047589212e-03 3.374843795969158927e-02 1.955628803029723067e-03 4.202394959797388189e-03 4.943146226648671877e-03 5.025701702152274297e-03
3.103806229455300936e-01 6.329222211519826002e-01 6.667455896743315971e-03 3.383476223844576053e-02 1.969490008206669675e-03 4.223643528563457775e-03 4.960856114884580614e-03 5.040948115643813926e-03
3.103025757979310240e-01 6.328229719620320770e-01 6.690182925501783097e-03 3.392124204331481430e-02 1.983373556852387198e-03 4.244899433690499206e-03 4.978623661859068149e-03 5.056130618818769490e-03
3.102751986186297883e-01 6.326729956336155647e-01 6.712786844968346260e-03 3.400787887801981491e-02 1.997278846520708466e-03 4.266162907949125165e-03 4.996448651765650686e-03 5.071249618531462923e-03
3.102980303619369273e-01 6.324727518947865779e-01 6.735267697682897209e-03 3.409467418120869231e-02 2.011205278349662614e-03 4.287434191640149619e-03 5.014330859001206106e-03 5.086305535394327129e-03
3.103706009858708814e-01 6.322227094931881508e-01 6.757625552823570518e-03 3.418162932663887377e-02 2.025152257175478077e-03 4.308713532454593910e-03 5.032270048302102915e-03 5.101298803546704640e-03
3.104924316577462040e-01 6.319233459906511419e-01 6.779860505945898425e-03 3.426874562337555580e-02 2.039119191644575470e-03 4.330001185333033631e-03 5.050265974881984130e-03 5.116229870421976599e-03
3.106630349601754437e-01 6.315751475573702090e-01 6.801972678717438901e-03 3.435602431600512374e-02 2.053105494323560765e-03 4.351297412324314946e-03 5.068318384571143635e-03 5.131099196513062843e-03
3.108819150974284073e-01 6.311786087657155209e-01 6.823962218648088607e-03 3.444346658486376056e-02 2.067110581807177997e-03 4.372602482443693241e-03 5.086427013957438639e-03 5.145907255136400633e-03
3.111485681020897398e-01 6.307342323837359377e-01 6.845829298816078108e-03 3.453107354628091180e-02 2.081133874824237992e-03 4.393916671530434005e-03 5.104591590528621131e-03 5.160654532194511313e-03
3.114624820419600870e-01 6.302425291684133901e-01 6.867574117589864482e-03 3.461884625283746103e-02 2.095174798341508781e-03 4.415240262104918462e-03 5.122811832816084009e-03 5.175341525937187000e-03
3.118231372271431656e-01 6.297040176587208604e-01 6.889196898345950788e-03 3.470678569363835203e-02 2.109232781665541703e-03 4.436573543225300759e-03 5.141087450539899573e-03 5.189968746721436953e-03
