 a: (  1.00000000000000     ,  0.00000000000000     )
 b: ( 0.934730557800000     , 0.652694421600000     )
 c: (  1.93473055780000     , 0.652694421600000     )
 z: ( 0.998469062500000     ,  0.00000000000000     )

 F: (  6.35989064257309     ,  3.17327448219078     )
 test:  5.833342941912489E-016
