 a: (1.00000000000000,0.000000000000000E+000)
 b: (0.934730557800000,0.652694421600000)
 c: (1.93473055780000,0.652694421600000)
 z: (0.998469062500000,0.000000000000000E+000)
 
 F: (6.35989064257308,3.17327448219078)
 test:  8.750014412868740E-016
