5.940187314005833039e-04 5.549928315091774320e-05 4.869985498529387627e-06 1.032484066746883109e-05 6.187205625177298097e-05 9.986415192693443021e-01 4.740656451698117488e-04 1.578301885166212299e-04
1.175204739544050570e-03 1.107836355985994273e-04 9.601540368800082123e-06 2.072944587760304551e-05 1.215355265720857746e-04 9.973215585478841794e-01 9.306777451240279969e-04 3.099088190305640880e-04
1.743131938954856769e-03 1.656778432644873513e-04 1.419918140243535251e-05 3.117414213550924413e-05 1.790484956315026473e-04 9.960399691272321387e-01 1.370393839214022408e-03 4.564054321650272937e-04
2.297441982182899141e-03 2.200221424857167222e-04 1.866733552697131840e-05 4.162203704772392688e-05 2.344688483023853870e-04 9.947965314242795953e-01 1.793759045930927703e-03 5.974871842437315525e-04
2.837839728174651639e-03 2.736715440316917283e-04 2.301033675165981639e-05 5.203894196567214903e-05 2.878541666690314802e-04 9.935909606065363997e-01 2.201305989227952346e-03 7.333186866427973639e-04
3.364088915771683633e-03 3.264951584552375891e-04 2.723242358320074091e-05 6.239329075610023723e-05 3.392616356204514985e-04 9.924229119542632427e-01 2.593554757006780696e-03 8.640618645432518279e-04
3.876008036610628388e-03 3.783755251509050431e-04 3.133773688128135734e-05 7.265605529441382675e-05 3.887479565582946470e-04 9.912919859666117217e-01 2.971012889163670082e-03 9.898758337290325133e-04
4.373466401673008555e-03 4.292079472824735713e-04 3.533031812499984239e-05 8.280065824224865144e-05 4.363692687721372867e-04 9.901977332190099457e-01 3.334175392743504371e-03 1.110916794151611646e-03
4.856380395722987783e-03 4.788998345407247982e-04 3.921410806243125089e-05 9.280288363666683174e-05 4.821810780533649157e-04 9.891396589790333316e-01 3.683524781895382728e-03 1.227337939054946436e-03
5.324709913875248432e-03 5.273700555010896055e-04 4.299294571675437674e-05 1.026407857851870472e-04 5.262381921372894216e-04 9.881172275879986922e-01 4.019531140462002938e-03 1.339289378523515718e-03
5.778454974552147891e-03 5.745483011687361379e-04 4.667056772349589876e-05 1.122945969284708245e-04 5.685946625808888750e-04 9.871298666154973978e-01 4.342652205166844248e-03 1.446918076381831578e-03
6.217652503118739973e-03 6.203744611258926039e-04 5.025060797456392401e-05 1.217466341009694822e-04 6.093037327007304414e-04 9.861769707940537533e-01 4.653333467488670119e-03 1.550367799436276270e-03
6.642373280524362447e-03 6.647980135326282247e-04 5.373659754583419922e-05 1.309812055892199765e-04 6.484177912121928591e-04 9.852579057410539853e-01 4.952008292432118382e-03 1.649779078109362817e-03
7.052719051330043343e-03 7.077774300776968003e-04 5.713196488612064738e-05 1.399845173578124948e-04 6.859883312270943691e-04 9.843720114750315053e-01 5.239098052516511297e-03 1.745289177572907895e-03
7.448819785560705647e-03 7.492795968302766538e-04 6.044003624640335734e-05 1.487445797843644233e-04 7.220659142822619114e-04 9.835186057333429321e-01 5.515012275412727039e-03 1.837032078540060467e-03
7.830831088889054006e-03 7.892792518062639266e-04 6.366403632920509864e-05 1.572511150171585739e-04 7.567001390864501638e-04 9.826969870981846489e-01 5.780148803760102455e-03 1.925138466926924925e-03
8.198931755733938551e-03 8.277584399340024747e-04 6.680708913899654404e-05 1.654954652424499122e-04 7.899396146873815345e-04 9.819064379378278362e-01 6.034893965792305880e-03 2.009735731642700758e-03
8.553321459938301868e-03 8.647059859837507093e-04 6.987221901547686768e-05 1.734705021228410862e-04 8.218319377745009289e-04 9.811462271698585536e-01 6.279622755493145803e-03 2.090947969812933203e-03
8.894218577780464707e-03 9.001169859125135887e-04 7.286235183251100935e-05 1.811705376435740044e-04 8.524236738463759899e-04 9.804156128531099634e-01 6.514699021090199563e-03 2.168895998783818349e-03
9.221858138166691074e-03 9.339923169709051691e-04 7.578031634641714336e-05 1.885912365800941897e-04 8.817603419845258632e-04 9.797138446148774271e-01 6.740475660776774555e-03 2.243697374296551444e-03
9.536489894951601098e-03 9.663381668211806384e-04 7.862884567817976663e-05 1.957295307778197902e-04 9.098864029878223070e-04 9.790401659198925133e-01 6.957294824630720631e-03 2.315466414259611388e-03
9.838376516436299346e-03 9.971655818252005924e-04 8.141057891501910751e-05 2.025835354136745455e-04 9.368452506335320012e-04 9.783938161874198292e-01 7.165488121772366735e-03 2.384314227583672618e-03
1.012779188720060869e-02 1.026490034577662476e-03 8.412806281757480948e-05 2.091524673886373882e-04 9.626792058425268648e-04 9.777740327627201244e-01 7.365376831873696531e-03 2.450348747578758209e-03
1.040501951753573795e-02 1.054331010683117950e-03 8.678375361976331341e-05 2.154365659812895067e-04 9.874295135372281040e-04 9.771800527489996613e-01 7.557272120196727866e-03 2.513674769446166534e-03
1.067035105585612681e-02 1.080711614704851515e-03 8.938001890913891811e-05 2.214370158741090216e-04 1.011136341991462862e-03 9.766111147058338382e-01 7.741475255401201322e-03 2.574393991428927143e-03
1.092408489958382120e-02 1.105658195149388217e-03 9.191913957633563608e-05 2.271558726470440789e-04 1.033838784481613815e-03 9.760664602199269346e-01 7.918277829420415637e-03 2.632605059214023976e-03
1.116652490011509416e-02 1.129199988291867832e-03 9.440331182288306351e-05 2.325959908166808088e-04 1.055574863058252998e-03 9.755453353539280670e-01 8.087961978759182491e-03 2.688403613207462038e-03
1.139797915759670557e-02 1.151368780594589454e-03 9.683464921738143465e-05 2.377609544840876337e-04 1.076381534266879388e-03 9.750469919788903317e-01 8.250800606620051908e-03 2.741882338329575033e-03
1.161875890135783199e-02 1.172198589423391769e-03 9.921518479068476613e-05 2.426550106401381712e-04 1.096294696655428485e-03 9.745706889958163366e-01 8.407057605312812792e-03 2.793131016002789718e-03
1.182917745196293210e-02 1.191725361723890673e-03 1.015468731613778839e-04 2.472830051637783647e-04 1.115349199914916073e-03 9.741156934515965427e-01 8.556988078448398566e-03 2.842236578027500151e-03
1.202954926097033785e-02 1.209986690281761573e-03 1.038315926834458352e-04 2.516503215362641578e-04 1.133578855507911794e-03 9.736812815544945154e-01 8.700838562461524206e-03 2.889283162063764621e-03
1.222018902460093003e-02 1.227021547157894094e-03 1.060711476086181263e-04 2.557628222828592433e-04 1.151016448647560007e-03 9.732667395941970723e-01 8.838847247046980465e-03 2.934352168457386376e-03
1.240141086764037781e-02 1.242870033860172998e-03 1.082672702564314632e-04 2.596267931427791533e-04 1.167693751497511818e-03 9.728713647713007617e-01 8.971244194132669755e-03 2.977522318168528657e-03
1.257352759401723225e-02 1.257573147788558412e-03 1.104216231855904308e-04 2.632488899583161862e-04 1.183641537470508020e-03 9.724944659409515690e-01 9.098251555048007463e-03 3.018869711579459832e-03
1.273685000061698311e-02 1.271172564468833104e-03 1.125358013607150287e-04 2.666360882650059810e-04 1.198889596510388468e-03 9.721353642752219582e-01 9.220083785579827329e-03 3.058467887975411127e-03
1.289168625100909141e-02 1.283710435072632841e-03 1.146113343090521524e-04 2.697956355564071727e-04 1.213466751249053267e-03 9.717933938486549295e-01 9.336947858639083400e-03 3.096387885508854101e-03
1.303834130587984245e-02 1.295229198706895945e-03 1.166496882621913402e-04 2.727350061895046618e-04 1.227400873936360364e-03 9.714679021512605539e-01 9.449043474290865982e-03 3.132698301472818664e-03
1.317711640707808565e-02 1.305771408944518064e-03 1.186522682782655035e-04 2.754618588899025158e-04 1.240718904047117795e-03 9.711582505331103343e-01 9.556563266927440778e-03 3.167465352723324024e-03
1.330830861229386972e-02 1.315379574059489381e-03 1.206204203405364871e-04 2.779839968097988045e-04 1.253446866475241240e-03 9.708638145845264189e-01 9.659693009389437590e-03 3.200752936104487613e-03
1.343221037750109807e-02 1.324096010423959739e-03 1.225554334286609850e-04 2.803093300862131531e-04 1.265609890230792517e-03 9.705839844557219154e-01 9.758611813863896783e-03 3.232622688742556576e-03
1.354910918440468959e-02 1.331962708521317908e-03 1.244585415593090145e-04 2.824458408420304806e-04 1.277232227561001616e-03 9.703181651196136626e-01 9.853492329409966471e-03 3.263134048087020476e-03
1.365928721024019243e-02 1.339021211028278754e-03 1.263309257931614709e-04 2.844015505681023832e-04 1.288337273421528333e-03 9.700657765813761602e-01 9.944500935983313639e-03 3.292344311588050066e-03
1.376302103737917296e-02 1.345312502419967592e-03 1.281737162056486147e-04 2.861844898208868501e-04 1.298947585229129212e-03 9.698262540381847874e-01 1.003179793484939610e-02 3.320308695909954776e-03
1.386058140029707356e-02 1.350876909554910976e-03 1.299879938191075758e-04 2.878026701668604079e-04 1.309084902831570210e-03 9.695990479924462280e-01 1.011553773529318308e-02 3.347080395590086403e-03
1.395223296756129168e-02 1.355754012701497653e-03 1.317747924943337497e-04 2.892640583022063928e-04 1.318770168635101901e-03 9.693836243216935600e-01 1.019586903754922391e-02 3.372710641061680420e-03
1.403823415659606957e-02 1.359982566473715189e-03 1.335351007797801930e-04 2.905765522739971142e-04 1.328023547834047014e-03 9.691794643081829141e-01 1.027293501189086369e-02 3.397248755967673291e-03
1.411883697907739821e-02 1.363600430151640838e-03 1.352698637169211270e-04 2.917479597272650232e-04 1.336864448691104778e-03 9.689860646311032610e-01 1.034687347383126885e-02 3.420742213700400311e-03
1.419428691490518327e-02 1.366644506871112115e-03 1.369799846005406566e-04 2.927859781009276669e-04 1.345311542820809645e-03 9.688029373241893172e-01 1.041781705540169994e-02 3.443236693109487899e-03
1.426482281279181641e-02 1.369150691177108137e-03 1.386663266929361754e-04 2.936981766945008336e-04 1.353382785432253720e-03 9.686296097013994411e-01 1.048589337248397729e-02 3.464776133327113379e-03
1.433067681559548057e-02 1.371153824446477189e-03 1.403297148912403260e-04 2.944919805268539619e-04 1.361095435490628468e-03 9.684656242531970438e-01 1.055122518818500318e-02 3.485402787666189075e-03
1.439207430861348322e-02 1.372687657697645950e-03 1.419709373472619811e-04 2.951746559079194390e-04 1.368466075760453289e-03 9.683105385158683465e-01 1.061393057225083411e-02 3.505157276552953345e-03
1.444923388913527118e-02 1.373784821317715517e-03 1.435907470394332691e-04 2.957532976442322852e-04 1.375510632696464374e-03 9.681639249161779759e-01 1.067412305652680818e-02 3.524078639460968051e-03
1.450236735563664378e-02 1.374476801250780911e-03 1.451898632966174289e-04 2.962348177994279862e-04 1.382244396151107498e-03 9.680253705935675246e-01 1.073191178647832714e-02 3.542204385818602079e-03
1.455167971507618369e-02 1.374793921205286120e-03 1.467689732736915137e-04 2.966259359313379242e-04 1.388682038870362682e-03 9.678944772019809628e-01 1.078740166879432749e-02 3.559570544866798129e-03
1.459736920683179021e-02 1.374765330452694737e-03 1.483287333789629796e-04 2.969331707280754330e-04 1.394837635752284484e-03 9.677708606933048685e-01 1.084069351510207752e-02 3.576211714448294943e-03
1.463962734188971673e-02 1.374418996804547622e-03 1.498697706536088377e-04 2.971628329664751582e-04 1.400724682845138399e-03 9.676541510842980864e-01 1.089188418182797553e-02 3.592161108713478289e-03
1.467863895597050147e-02 1.373781704370091901e-03 1.513926841034525191e-04 2.973210197174204266e-04 1.406356116064368502e-03 9.675439922087970546e-01 1.094106670624447712e-02 3.607450604731738970e-03
1.471458227534578819e-02 1.372879055711971738e-03 1.528980459834997487e-04 2.974136097239390964e-04 1.411744329609866894e-03 9.674400414568752327e-01 1.098833043874802504e-02 3.622110788000648673e-03
1.474762899416710502e-02 1.371735478032898217e-03 1.543864030357587744e-04 2.974462598794584862e-04 1.416901194067094784e-03 9.673419695025512466e-01 1.103376117141720639e-02 3.636170996848342354e-03
1.477794436219260696e-02 1.370374233041736891e-03 1.558582776809563648e-04 2.974244027352592758e-04 1.421838074177588038e-03 9.672494600215393312e-01 1.107744126290413460e-02 3.649659365727407536e-03
1.480568728185997426e-02 1.368817430162935257e-03 1.573141691648488551e-04 2.973532449679467901e-04 1.426565846266229483e-03 9.671622094004604930e-01 1.111944975971540864e-02 3.662602867401169165e-03
1.483101041371398532e-02 1.367086042768693313e-03 1.587545546598933643e-04 2.972377667396403121e-04 1.431094915314398870e-03 9.670799264388348915e-01 1.115986251394187820e-02 3.675027354025654260e-03
1.485406028925484803e-02 1.365199927128601422e-03 1.601798903231138572e-04 2.970827218855638576e-04 1.435435231669755091e-03 9.670023320451055504e-01 1.119875229749898310e-02 3.686957597132691639e-03
1.487497743032913794e-02 1.363177843786689530e-03 1.615906123110508240e-04 2.968926388657805253e-04 1.439596307384911596e-03 9.669291589278583565e-01 1.123618891294155334e-02 3.698417326521565712e-03
1.489389647423839183e-02 1.361037481090815026e-03 1.629871377527331467e-04 2.966718224199375777e-04 1.443587232178708633e-03 9.668601512833312484e-01 1.127223930091879496e-02 3.709429268068439173e-03
1.491094630379159215e-02 1.358795480614089857e-03 1.643698656816541120e-04 2.964243558660711961e-04 1.447416689015097995e-03 9.667950644802294491e-01 1.130696764433662335e-02 3.720015180464330239e-03
1.492625018157696035e-02 1.356467464222544609e-03 1.657391779277683644e-04 2.961541039867401416e-04 1.451092969295905222e-03 9.667336647427994256e-01 1.134043546929573883e-02 3.730195890893911112e-03
1.493992588777526796e-02 1.354068062557429661e-03 1.670954399705571641e-04 2.958647164480104680e-04 1.454623987664881244e-03 9.666757288330394271e-01 1.137270174287478147e-02 3.739991329668645916e-03
1.495208586088201883e-02 1.351610944714413086e-03 1.684390017542348236e-04 2.955596316990857070e-04 1.458017296421519962e-03 9.666210437328700555e-01 1.140382296782856825e-02 3.749420563828932164e-03
1.496283734074868935e-02 1.349108848915471243e-03 1.697701984661854305e-04 2.952420813026608690e-04 1.461280099544113968e-03 9.665694063270188208e-01 1.143385327427189416e-02 3.758501829730948908e-03
1.497228251339439986e-02 1.346573613982415471e-03 1.710893512797371791e-04 2.949150946483620420e-04 1.464419266322432430e-03 9.665206230873173432e-01 1.146284450841963433e-02 3.767252564634753897e-03
1.498051865707842288e-02 1.344016211433753495e-03 1.723967680623881931e-04 2.945815040039156192e-04 1.467441344601243258e-03 9.664745097590542455e-01 1.149084631845398441e-02 3.775689437310978704e-03
1.498763828916145451e-02 1.341446778038961427e-03 1.736927440506048231e-04 2.942439498609501704e-04 1.470352573636683801e-03 9.664308910499765926e-01 1.151790623758954142e-02 3.783828377684120021e-03
1.499372931331901908e-02 1.338874648676177974e-03 1.749775624923150029e-04 2.939048865345829376e-04 1.473158896568187767e-03 9.663896003224707876e-01 1.154406976440672944e-02 3.791684605530984322e-03
1.499887516670427023e-02 1.336308389350857355e-03 1.762514952582181610e-04 2.935665879781549216e-04 1.475865972509331995e-03 9.663504792894208606e-01 1.156938044052366506e-02 3.799272658253334892e-03
1.500315496668972771e-02 1.333755830244023107e-03 1.775148034230253282e-04 2.932311537766636288e-04 1.478479188261549353e-03 9.663133777141835745e-01 1.159387992567601638e-02 3.806606417744154945e-03
1.500664365684788171e-02 1.331224098669405321e-03 1.787677378177396890e-04 2.929005152845865021e-04 1.481003669655203085e-03 9.662781531150826941e-01 1.161760807027386981e-02 3.813699136367279703e-03
1.500941215185980226e-02 1.328719651828976986e-03 1.800105395540732198e-04 2.925764418758895150e-04 1.483444292522986731e-03 9.662446704747829074e-01 1.164060298550380346e-02 3.820563462070351510e-03
1.501152748106822886e-02 1.326248309266185284e-03 1.812434405220828275e-04 2.922605472760702976e-04 1.485805693311059369e-03 9.662128019548603675e-01 1.166290111104362204e-02 3.827211462651286707e-03
1.501305293041768282e-02 1.323815284925503868e-03 1.824666638620968027e-04 2.919542959480893622e-04 1.488092279333720104e-03 9.661824266158569596e-01 1.168453728045626763e-02 3.833654649198468996e-03
1.501404818254877503e-02 1.321425218735852117e-03 1.836804244119803623e-04 2.916590095059913112e-04 1.490308238677750825e-03 9.661534301430649840e-01 1.170554478432851014e-02 3.839903998725032776e-03
1.501456945483711954e-02 1.319082207643892815e-03 1.848849291307742046e-04 2.913758731319140136e-04 1.492457549762888844e-03 9.661257045782558617e-01 1.172595543121894741e-02 3.845969976017543125e-03
1.501466963518919076e-02 1.316789836031257528e-03 1.860803774997174195e-04 2.911059419740133296e-04 1.494543990565129574e-03 9.660991480575412682e-01 1.174579960647881283e-02 3.851862554719364794e-03
1.501439841542808948e-02 1.314551205457390425e-03 1.872669619016446591e-04 2.908501475046101925e-04 1.496571147509811583e-03 9.660736645555203506e-01 1.176510632900794155e-02 3.857591237668927999e-03
1.501380242212172096e-02 1.312368963676880437e-03 1.884448679797234556e-04 2.906093038195715472e-04 1.498542424041615466e-03 9.660491636358392586e-01 1.178390330600711036e-02 3.863165076512973042e-03
1.501292534472406862e-02 1.310245332886977778e-03 1.896142749764756757e-04 2.903841138615871273e-04 1.500461048878782774e-03 9.660255602082693516e-01 1.180221698578675163e-02 3.868592690614722652e-03
1.501180806091750169e-02 1.308182137167380066e-03 1.907753560539991798e-04 2.901751755515857931e-04 1.502330083958989138e-03 9.660027742923819050e-01 1.182007260869086945e-02 3.873882285276703235e-03
1.501048875906005331e-02 1.306180829080380622e-03 1.919282785962829886e-04 2.899829878140494600e-04 1.504152432084414825e-03 9.659807307878721661e-01 1.183749425619369695e-02 3.879041669297781866e-03
1.500900305765666930e-02 1.304242515405124123e-03 1.930732044944801190e-04 2.898079564834374821e-04 1.505930844273636188e-03 9.659593592515762772e-01 1.185450489822542294e-02 3.884078271883680076e-03
1.500738412178755088e-02 1.302367981984962984e-03 1.942102904159787534e-04 2.896504000803168236e-04 1.507667926828015238e-03 9.659385936811899498e-01 1.187112643878204289e-02 3.888999158930029915e-03
1.500566277643971061e-02 1.300557717671825542e-03 1.953396880580826720e-04 2.895105554471125511e-04 1.509366148120303616e-03 9.659183723056919968e-01 1.188737975987313317e-02 3.893811048696718593e-03
1.500386761670019845e-02 1.298811937356079884e-03 1.964615443870862605e-04 2.893885832346528085e-04 1.511027845113185669e-03 9.658986373824557381e-01 1.190328476386003434e-02 3.898520326891967425e-03
1.500202511478066457e-02 1.297130604074589900e-03 1.975760018635016560e-04 2.892845732318634561e-04 1.512655229615481912e-03 9.658793350010127510e-01 1.191886041423571505e-02 3.903133061184309392e-03
1.500015972385356985e-02 1.295513450193590613e-03 1.986831986541689424e-04 2.891985495321040172e-04 1.514250394283709819e-03 9.658604148934251121e-01 1.193412477489629898e-02 3.907655015160282214e-03
1.499829397868994441e-02 1.293959997666599632e-03 1.997832688319515809e-04 2.891304755306888462e-04 1.515815318376663792e-03 9.658418302512048470e-01 1.194909504795292274e-02 3.912091661745305607e-03
1.499644859309777305e-02 1.292469577370884909e-03 2.008763425636942953e-04 2.890802587491479118e-04 1.517351873270611322e-03 9.658235375487105312e-01 1.196378761013145581e-02 3.916448196104911281e-03
1.499464255416813746e-02 1.291041347529041936e-03 2.019625462870921161e-04 2.890477554827158954e-04 1.518861827742646383e-03 9.658054963729401088e-01 1.197821804780625776e-02 3.920729548043078334e-03
1.499289321334401105e-02 1.289674311224968742e-03 2.030420028770944893e-04 2.890327752684209058e-04 1.520346853029656137e-03 9.657876692596278900e-01 1.199240119071296254e-02 3.924940393914123568e-03
1.499121637433348253e-02 1.288367333026023322e-03 2.041148318024400008e-04 2.890350851719698864e-04 1.521808527670257677e-03 9.657700215355464746e-01 1.200635114438409340e-02 3.929085168064194201e-03
1.498962637789555061e-02 1.287119154725393068e-03 2.051811492728940938e-04 2.890544138923909151e-04 1.523248342136978954e-03 9.657525211669076848e-01 1.202008132135006999e-02 3.933168073818060946e-03
1.498813618353233776e-02 1.285928410220706997e-03 2.062410683777347550e-04 2.890904556841062106e-04 1.524667703265823997e-03 9.657351386137448257e-01 1.203360447114699278e-02 3.937193094026535112e-03
1.498675744812694513e-02 1.284793639546712683e-03 2.072946992160084820e-04 2.891428740967699447e-04 1.526067938490266928e-03 9.657178466901614744e-01 1.204693270917145051e-02 3.941164001189450053e-03
1.498550060157068445e-02 1.283713302081409494e-03 2.083421490190519320e-04 2.892113055338109179e-04 1.527450299886573982e-03 9.657006204303173469e-01 1.206007754442144086e-02 3.945084367168800316e-03
1.498437491942776825e-02 1.282685788946406674e-03 2.093835222657542956e-04 2.892953626311791141e-04 1.528815968037233047e-03 9.656834369600230117e-01 1.207304990616136532e-02 3.948957572506225054e-03
1.498338859268931109e-02 1.281709434623465706e-03 2.104189207910094972e-04 2.893946374583048929e-04 1.530166055719134072e-03 9.656662753738112226e-01 1.208586016954794201e-02 3.952786815358683148e-03
1.498254879467169134e-02 1.280782527810185372e-03 2.114484438877867016e-04 2.895087045437468097e-04 1.531501611422982122e-03 9.656491166173439833e-01 1.209851818025284298e-02 3.956575120065784074e-03
1.498186174511740090e-02 1.279903321538646607e-03 2.124721884032255374e-04 2.896371237284198490e-04 1.532823622710314084e-03 9.656319433750222281e-01 1.211103327811678676e-02 3.960325345361873431e-03
1.498133277155894519e-02 1.279070042581511224e-03 2.134902488291400631e-04 2.897794428496797700e-04 1.534133019414300487e-03 9.656147399626510142e-01 1.212341431986872775e-02 3.964040192245599052e-03
1.498096636800860110e-02 1.278280900170625668e-03 2.145027173872978549e-04 2.899352002598747178e-04 1.535430676690391393e-03 9.655974922250200043e-01 1.213566970094285061e-02 3.967722211519363572e-03
1.498076625103857140e-02 1.277534094053571880e-03 2.155096841098170667e-04 2.901039271832744361e-04 1.536717417922700080e-03 9.655801874382552441e-01 1.214780737642505090e-02 3.971373811010646057e-03
1.498073541331783332e-02 1.276827821913915743e-03 2.165112369150085678e-04 2.902851499155538104e-04 1.537994017491860384e-03 9.655628142167983485e-01 1.215983488115960839e-02 3.974997262486903819e-03
1.498087617467291216e-02 1.276160286181046450e-03 2.175074616789706913e-04 2.904783918702346594e-04 1.539261203409941769e-03 9.655453624248647726e-01 1.217175934904581210e-02 3.978594708275366536e-03
1.498119023074105660e-02 1.275529700255581024e-03 2.184984423032251539e-04 2.906831754766851794e-04 1.540519659827844882e-03 9.655278230922426097e-01 1.218358753155338210e-02 3.982168167598693076e-03
1.498167869928483664e-02 1.274934294176257709e-03 2.194842607786677720e-04 2.908990239344444407e-04 1.541770029420447014e-03 9.655101883342825930e-01 1.219532581548469011e-02 3.985719542637185600e-03
1.498234216423775453e-02 1.274372319754118760e-03 2.204649972460899824e-04 2.911254628287729624e-04 1.543012915654604729e-03 9.654924512759391897e-01 1.220698024001075528e-02 3.989250624327840902e-03
1.498318071755062354e-02 1.273842055199576537e-03 2.214407300535124019e-04 2.913620216124392483e-04 1.544248884944969969e-03 9.654746059797204571e-01 1.221855651300732086e-02 3.992763097910276109e-03
1.498419399890865700e-02 1.273341809267656676e-03 2.224115358105544220e-04 2.916082349588372752e-04 1.545478468702411387e-03 9.654566473774056634e-01 1.223006002671635228e-02 3.996258548229206752e-03
1.498538123338894953e-02 1.272869924946384282e-03 2.233774894400537522e-04 2.918636439915869526e-04 1.546702165279690601e-03 9.654385712053922264e-01 1.224149587275753098e-02 3.999738464802845596e-03
1.498674126712791141e-02 1.272424782712837116e-03 2.243386642271316634e-04 2.921277973958057335e-04 1.547920441818882199e-03 9.654203739435368581e-01 1.225286885651357544e-02 4.003204246666307829e-03
1.498827260106748438e-02 1.272004803380942474e-03 2.252951318658886549e-04 2.924002524162579858e-04 1.549133736004869311e-03 9.654020527573526911e-01 1.226418351091235204e-02 4.006657206998810727e-03
1.498997342284878742e-02 1.271608450564567453e-03 2.262469625039041220e-04 2.926805757475817410e-04 1.550342457729116021e-03 9.653836054434342673e-01 1.227544410962809820e-02 4.010098577543129775e-03
1.499184163692063310e-02 1.271234232778900314e-03 2.271942247846995145e-04 2.929683443217737343e-04 1.551546990667752261e-03 9.653650303779767183e-01 1.228665467972330817e-02 4.013529512825551177e-03
1.499387489292998074e-02 1.270880705202515146e-03 2.281369858883129491e-04 2.932631459980741318e-04 1.552747693777870811e-03 9.653463264682662359e-01 1.229781901375208084e-02 4.016951094184233705e-03
1.499607061246005686e-02 1.270546471121898006e-03 2.290753115701273351e-04 2.935645801603409483e-04 1.553944902715799275e-03 9.653274931070122689e-01 1.230894068134518946e-02 4.020364333613643884e-03
1.499842601418118621e-02 1.270230183079548497e-03 2.300092661980759109e-04 2.938722582269362883e-04 1.555138931180955440e-03 9.653085301294039855e-01 1.232002304029626225e-02 4.023770177432463117e-03
1.500093813747785734e-02 1.269930543746098555e-03 2.309389127883488700e-04 2.941858040780690234e-04 1.556330072188778042e-03 9.652894377727700981e-01 1.233106924716800487e-02 4.027169509782132888e-03
1.500360386461479720e-02 1.269646306536195658e-03 2.318643130397068691e-04 2.945048544054473371e-04 1.557518599276075302e-03 9.652702166387275851e-01 1.234208226743667772e-02 4.030563155962892802e-03
1.500641994150314455e-02 1.269376275987192746e-03 2.327855273665062872e-04 2.948290589889954703e-04 1.558704767642009152e-03 9.652508676577049584e-01 1.235306488519241630e-02 4.033951885614013577e-03
1.500938299712677865e-02 1.269119307918957452e-03 2.337026149305269289e-04 2.951580809052781998e-04 1.559888815227813367e-03 9.652313920557327176e-01 1.236401971241245928e-02 4.037336415744599213e-03
1.501248956168734633e-02 1.268874309392408091e-03 2.346156336716913749e-04 2.954915966721633315e-04 1.561070963738205681e-03 9.652117913233922986e-01 1.237494919782372235e-02 4.040717413621185139e-03
1.501573608352518331e-02 1.268640238483633581e-03 2.355246403377517662e-04 2.958292963341245052e-04 1.562251419607344708e-03 9.651920671868222668e-01 1.238585563537059758e-02 4.044095499518073761e-03
1.501911894487178989e-02 1.268416103889739984e-03 2.364296905130189384e-04 2.961708834924603483e-04 1.563430374912059715e-03 9.651722215806802785e-01 1.239674117230339309e-02 4.047471249336167566e-03
1.502263447648819264e-02 1.268200964381832781e-03 2.373308386461982829e-04 2.965160752845684335e-04 1.564608008234972050e-03 9.651522566229652211e-01 1.240760781690217369e-02 4.050845197095847422e-03
1.502627897124185485e-02 1.267993928119819959e-03 2.382281380773944583e-04 2.968646023162777275e-04 1.565784485480008160e-03 9.651321745916039418e-01 1.241845744585038692e-02 4.054217837309229480e-03
1.503004869667340197e-02 1.267794151843010860e-03 2.391216410643389725e-04 2.972162085510972307e-04 1.566959960642706805e-03 9.651119779027154122e-01 1.242929181127208627e-02 4.057589627236932867e-03
1.503393990660285319e-02 1.267600839949770131e-03 2.400113988078909975e-04 2.975706511600959892e-04 1.568134576537610295e-03 9.650916690904601802e-01 1.244011254744610204e-02 4.060960989034323801e-03
1.503794885182353422e-02 1.267413243478794204e-03 2.408974614768574405e-04 2.979277003359819377e-04 1.569308465484933312e-03 9.650712507883965063e-01 1.245092117721007495e-02 4.064332311791992759e-03
1.504207178993032315e-02 1.267230659003891220e-03 2.417798782321719804e-04 2.982871390748017496e-04 1.570481749958609844e-03 9.650507257122572513e-01 1.246171911806677642e-02 4.067703953475046950e-03
1.504630499432723159e-02 1.267052427453477410e-03 2.426586972504726433e-04 2.986487629285299126e-04 1.571654543197705152e-03 9.650300966440710226e-01 1.247250768800473898e-02 4.071076242765625172e-03
1.505064476245805694e-02 1.266877932865339684e-03 2.435339657471087896e-04 2.990123797316745200e-04 1.572826949783122418e-03 9.650093664175558583e-01 1.248328811104477271e-02 4.074449480812893792e-03
1.505508742330201322e-02 1.266706601086578336e-03 2.444057299986093605e-04 2.993778093048714674e-04 1.573999066181409716e-03 9.649885379047070666e-01 1.249406152252356683e-02 4.077823942894581374e-03
1.505962934417498685e-02 1.266537898428030627e-03 2.452740353646389753e-04 2.997448831382963880e-04 1.575170981257415035e-03 9.649676140035162719e-01 1.250482897412514595e-02 4.081199879993988901e-03
1.506426693687541903e-02 1.266371330281842100e-03 2.461389263094658931e-04 3.001134440575769688e-04 1.576342776757435823e-03 9.649465976267500578e-01 1.251559143867056120e-02 4.084577520296233874e-03
1.506899666321245140e-02 1.266206439710305682e-03 2.470004464229631986e-04 3.004833458747431692e-04 1.577514527764457483e-03 9.649254916917304747e-01 1.252634981467590225e-02 4.087957070607360806e-03
1.507381503995246577e-02 1.266042806013488800e-03 2.478586384411624564e-04 3.008544530266112093e-04 1.578686303126958148e-03 9.649042991110499123e-01 1.253710493068822818e-02 4.091338717699777132e-03
1.507871864321871230e-02 1.265880043282633597e-03 2.487135442663781842e-04 3.012266402028592372e-04 1.579858165862734528e-03 9.648830227841691531e-01 1.254785754940879877e-02 4.094722629587384255e-03
1.508370411237740585e-02 1.265717798945794259e-03 2.495652049869143650e-04 3.015997919659143406e-04 1.581030173539086942e-03 9.648616655898375472e-01 1.255860837161252436e-02 4.098108956733572186e-03
1.508876815344211038e-02 1.265555752311652666e-03 2.504136608963719742e-04 3.019738023646378151e-04 1.582202378630672823e-03 9.648402303792857904e-01 1.256935803987235117e-02 4.101497833195200289e-03
1.509390754202716116e-02 1.265393613116988242e-03 2.512589515125638619e-04 3.023485745436637565e-04 1.583374828856247332e-03 9.648187199701396821e-01 1.258010714209688123e-02 4.104889377705483663e-03
1.509911912587925606e-02 1.265231120082782601e-03 2.521011155960498399e-04 3.027240203501225580e-04 1.584547567495457696e-03 9.647971371410073438e-01 1.259085621488924972e-02 4.108283694698634456e-03
1.510439982701529404e-02 1.265068039483524791e-03 2.529401911683014045e-04 3.031000599393531719e-04 1.585720633686805601e-03 9.647754846266914930e-01 1.260160574673503502e-02 4.111680875278979005e-03
1.510974664349312886e-02 1.264904163733834939e-03 2.537762155295022223e-04 3.034766213810928537e-04 1.586894062707821726e-03 9.647537651139896919e-01 1.261235618102658773e-02 4.115080998137154653e-03
1.511515665084080598e-02 1.264739309996134198e-03 2.546092252759921842e-04 3.038536402675138452e-04 1.588067886238456834e-03 9.647319812380329429e-01 1.262310791893099700e-02 4.118484130415884202e-03
1.512062700316851860e-02 1.264573318812686926e-03 2.554392563173613160e-04 3.042310593243674889e-04 1.589242132608626379e-03 9.647101355791308785e-01 1.263386132210858950e-02 4.121890328527728908e-03
1.512615493398650028e-02 1.264406052764995101e-03 2.562663438931990219e-04 3.046088280263884980e-04 1.590416827030809816e-03 9.646882306600811363e-01 1.264461671528852547e-02 4.125299638927120219e-03
1.513173775675083141e-02 1.264237395163169634e-03 2.570905225895001771e-04 3.049869022180074266e-04 1.591591991818556810e-03 9.646662689439118310e-01 1.265537438870798989e-02 4.128712098838842152e-03
1.513737286515814615e-02 1.264067248767567755e-03 2.579118263547379919e-04 3.053652437403224550e-04 1.592767646591698727e-03 9.646442528320200438e-01 1.266613460042102790e-02 4.132127736945128381e-03
1.514305773320906087e-02 1.263895534544698124e-03 2.587302885156012597e-04 3.057438200651845721e-04 1.593943808469023291e-03 9.646221846626789054e-01 1.267689757848296586e-02 4.135546574033321238e-03
1.514878991505922562e-02 1.263722190459092183e-03 2.595459417924028764e-04 3.061226039371619796e-04 1.595120492249148562e-03 9.646000667098795223e-01 1.268766352301609578e-02 4.138968623606083252e-03
1.515456704467580025e-02 1.263547170302563132e-03 2.603588183141607670e-04 3.065015730240619961e-04 1.596297710580255654e-03 9.645779011824838767e-01 1.269843260816206146e-02 4.142393892455969659e-03
1.516038683531637128e-02 1.263370442562040171e-03 2.611689496333553947e-04 3.068807095766057412e-04 1.597475474119341770e-03 9.645556902236588348e-01 1.270920498392622347e-02 4.145822381206160784e-03
1.516624707884616299e-02 1.263191989326903049e-03 2.619763667403642872e-04 3.072600000977753669e-04 1.598653791681595507e-03 9.645334359105681710e-01 1.271998077791897629e-02 4.149254084819023990e-03
1.517214564490872164e-02 1.263011805236542023e-03 2.627811000775775356e-04 3.076394350222776001e-04 1.599832670380463631e-03 9.645111402543001811e-01 1.273076009699890612e-02 4.152688993074121933e-03
1.517808047996428711e-02 1.262829896468649349e-03 2.635831795531964352e-04 3.080190084064990006e-04 1.601012115758970950e-03 9.644888052000075707e-01 1.274154302882244197e-02 4.156127091017244868e-03
1.518404960620929958e-02 1.262646279768562130e-03 2.643826345547158107e-04 3.083987176292607955e-04 1.602192131912785061e-03 9.644664326272379684e-01 1.275232964330438520e-02 4.159568359381899012e-03
1.519005112038955725e-02 1.262460981519800086e-03 2.651794939620947416e-04 3.087785631036231416e-04 1.603372721605518005e-03 9.644440243504400767e-01 1.276311999399366501e-02 4.163012774984709008e-03
1.519608319251904843e-02 1.262274036855786513e-03 2.659737861606155255e-04 3.091585479999251927e-04 1.604553886376736647e-03 9.644215821196224780e-01 1.277391411936838229e-02 4.166460311096044193e-03
1.520214406451545798e-02 1.262085488812577034e-03 2.667655390534349438e-04 3.095386779801985564e-04 1.605735626643085574e-03 9.643991076211529956e-01 1.278471204405412509e-02 4.169910937787195751e-03
1.520823204876284307e-02 1.261895387522302082e-03 2.675547800738292963e-04 3.099189609440380021e-04 1.606917941792951809e-03 9.643766024786786240e-01 1.279551377996924512e-02 4.173364622255297356e-03
1.521434552661123443e-02 1.261703789446897263e-03 2.683415361971359112e-04 3.102994067859659059e-04 1.608100830275041538e-03 9.643540682541548170e-01 1.280631932740077666e-02 4.176821329127195816e-03
1.522048294682228943e-02 1.261510756651583812e-03 2.691258339523931948e-04 3.106800271642872857e-04 1.609284289681240689e-03 9.643315064489695887e-01 1.281712867601447065e-02 4.180281020743366327e-03
1.522664282396948149e-02 1.261316356117465117e-03 2.699076994336836082e-04 3.110608352813860433e-04 1.610468316824087247e-03 9.643089185051478829e-01 1.282794180580218435e-02 4.183743657422971281e-03
1.523282373680083165e-02 1.261120659092513328e-03 2.706871583111802784e-04 3.114418456753816934e-04 1.611652907809189026e-03 9.642863058066291071e-01 1.283875868796991934e-02 4.187209197711050553e-03
1.523902432657146117e-02 1.260923740480141995e-03 2.714642358419014161e-04 3.118230740230294317e-04 1.612838058102879397e-03 9.642636696806015095e-01 1.284957928576942014e-02 4.190677598608832065e-03
1.524524329535285536e-02 1.260725678264486760e-03 2.722389568801763908e-04 3.122045369537137594e-04 1.614023762595397874e-03 9.642410113988879594e-01 1.286040355527636944e-02 4.194148815788091567e-03
1.525147940432522616e-02 1.260526552971464502e-03 2.730113458878250876e-04 3.125862518743625722e-04 1.615210015659871790e-03 9.642183321793719175e-01 1.287123144611788256e-02 4.197622803790433330e-03
1.525773147205868215e-02 1.260326447164612394e-03 2.737814269440553725e-04 3.129682368050784244e-04 1.616396811207333924e-03 9.641956331874550479e-01 1.288206290215197780e-02 4.201099516212343510e-03
1.526399837278882669e-02 1.260125444974685097e-03 2.745492237550824590e-04 3.133505102252636234e-04 1.617584142738033885e-03 9.641729155375386995e-01 1.289289786210161097e-02 4.204578905876805474e-03
1.527027903469152861e-02 1.259923631661930693e-03 2.753147596634727252e-04 3.137330909299961305e-04 1.618772003389248610e-03 9.641501802945248167e-01 1.290373626014565747e-02 4.208060924992255113e-03
1.527657243816158902e-02 1.259721093209950930e-03 2.760780576572174016e-04 3.141159978963936747e-04 1.619960385979814666e-03 9.641274284753251766e-01 1.291457802646919437e-02 4.211545525299576972e-03
1.528287761409938619e-02 1.259517915950016283e-03 2.768391403785393830e-04 3.144992501596884137e-04 1.621149283051575782e-03 9.641046610503765102e-01 1.292542308777528542e-02 4.215032658207856775e-03
1.528919364220934426e-02 1.259314186214697401e-03 2.775980301324379343e-04 3.148828666987232047e-04 1.622338686907926451e-03 9.640818789451557347e-01 1.293627136776041853e-02 4.218522274919523501e-03
1.529551964931366928e-02 1.259109990019660879e-03 2.783547488949758434e-04 3.152668663305663397e-04 1.623528589649638094e-03 9.640590830416891910e-01 1.294712278755557992e-02 4.222014326545526358e-03
1.530185480768448195e-02 1.258905412772459709e-03 2.791093183213122757e-04 3.156512676139329844e-04 1.624718983208121945e-03 9.640362741800524438e-01 1.295797726613492559e-02 4.225508764211121683e-03
1.530819833339713831e-02 1.258700539007166774e-03 2.798617597534888636e-04 3.160360887610966251e-04 1.625909859376290867e-03 9.640134531598569811e-01 1.296883472069385208e-02 4.229005539152834448e-03
1.531454948470738209e-02 1.258495452143683704e-03 2.806120942279701153e-04 3.164213475579632021e-04 1.627101209837158655e-03 9.639906207417192618e-01 1.297969506699828135e-02 4.232504602807140789e-03
1.532090756045435473e-02 1.258290234270572142e-03 2.813603424829466009e-04 3.168070612919805015e-04 1.628293026190318201e-03 9.639677776487105554e-01 1.299055821970675900e-02 4.236005906891361639e-03
1.532727189849178787e-02 1.258084965950261643e-03 2.821065249654032461e-04 3.171932466875510394e-04 1.629485299976433411e-03 9.639449245677830236e-01 1.300142409266700355e-02 4.239509403477266167e-03
1.533364187414882826e-02 1.257879726045509246e-03 2.828506618379603220e-04 3.175799198486130401e-04 1.630678022699848934e-03 9.639220621511718212e-01 1.301229259918840545e-02 4.243015045057823946e-03
1.534001689872218840e-02 1.257674591565985725e-03 2.835927729854889764e-04 3.179670962080581760e-04 1.631871185849453898e-03 9.638991910177682199e-01 1.302316365229191746e-02 4.246522784607551643e-03
1.534639641800097237e-02 1.257469637533906517e-03 2.843328780215107908e-04 3.183547904836530576e-04 1.633064780917884004e-03 9.638763117544653092e-01 1.303403716493870164e-02 4.250032575636861903e-03
1.535277991082519174e-02 1.257264936867616163e-03 2.850709962943826664e-04 3.187430166401329233e-04 1.634258799419182305e-03 9.638534249174727231e-01 1.304491305023884606e-02 4.253544372240790003e-03
1.535916688767901758e-02 1.257060560282092371e-03 2.858071468932751142e-04 3.191317878571408597e-04 1.635453232905004998e-03 9.638305310335985032e-01 1.305579122164138121e-02 4.257058129142487699e-03
1.536555688931946426e-02 1.256856576205333219e-03 2.865413486539481803e-04 3.195211165026896763e-04 1.636648072979459377e-03 9.638076306014993211e-01 1.306667159310677048e-02 4.260573801731814755e-03
1.537194948544121954e-02 1.256653050709633478e-03 2.872736201643304784e-04 3.199110141118270299e-04 1.637843311312660918e-03 9.637847240928970605e-01 1.307755407926298671e-02 4.264091346099363813e-03
1.537834427337793526e-02 1.256450047456778192e-03 2.880039797699070789e-04 3.203014913701910044e-04 1.639038939653090577e-03 9.637618119537585404e-01 1.308843859554625205e-02 4.267610719066230844e-03
1.538474087684050390e-02 1.256247627656215029e-03 2.887324455789215105e-04 3.206925581021501321e-04 1.640234949838825611e-03 9.637388946054451511e-01 1.309932505832741775e-02 4.271131878209825233e-03
1.539113894469234557e-02 1.256045850035298131e-03 2.894590354673974597e-04 3.210842232632271512e-04 1.641431333807711127e-03 9.637159724458221888e-01 1.311021338502495540e-02 4.274654781885986639e-03
1.539753814976195512e-02 1.255844770820714867e-03 2.901837670839849917e-04 3.214764949365139833e-04 1.642628083606541105e-03 9.636930458503361052e-01 1.312110349420545635e-02 4.278179389247700054e-03
1.540393818769255144e-02 1.255644443730262591e-03 2.909066578546379614e-04 3.218693803327942480e-04 1.643825191399309830e-03 9.636701151730564519e-01 1.313199530567246871e-02 4.281705660260612042e-03
