9.999931162247976957e-01 6.567709057118277093e-06 2.605594851142927064e-08 9.773013046803240668e-09 5.038813019696894498e-08 1.577766434444700298e-07 7.207241006434823615e-08
9.999724934261389198e-01 2.624456442822458525e-05 1.035290425895751061e-07 3.893181913707507651e-08 2.016877001798301466e-07 6.298456838109062531e-07 2.880151872316840171e-07
9.999381746396909243e-01 5.899088136299609759e-05 2.314108773227748058e-07 8.724066737772959468e-08 4.541067012657710712e-07 1.414311307913587495e-06 6.474093926316054859e-07
9.998902032262747541e-01 1.047666072979351723e-04 4.087381180114598742e-07 1.544699567538758720e-07 8.078599968209922638e-07 2.509271858037166150e-06 1.149826498000702795e-06
9.998286228696535716e-01 1.635313237786976091e-04 6.345926214690371344e-07 2.403962579808538661e-07 1.263169212623250814e-06 3.912819982455896745e-06 1.794828493266624026e-06
9.997534775743094348e-01 2.352442484005429592e-04 9.081015494829102579e-07 3.448023352453736562e-07 1.820262626668926395e-06 5.623042784702352492e-06 2.581967994060734546e-06
9.996648116632115277e-01 3.198642367669610165e-04 1.228437474504537878e-06 4.674771678515495864e-07 2.479375058462170270e-06 7.638021971544081180e-06 3.510788349142687252e-06
9.995626697755790602e-01 4.173497844665262618e-04 1.594818477566036931e-06 6.082159717276342026e-07 3.240747757763224617e-06 9.955833999708576750e-06 4.580823747717786837e-06
9.994470968646325115e-01 5.276590290676816224e-04 2.006508238407999889e-06 7.668202208285532138e-07 4.104628292795231993e-06 1.257455022130100799e-05 5.791599326647854046e-06
9.993181381953387676e-01 6.507497521314201333e-04 2.462816117891774362e-06 9.430976684072237210e-07 5.071270438016838765e-06 1.549223702797514863e-05 7.142631277540251883e-06
9.991758393421483753e-01 7.865793812419032052e-04 2.963097232681157818e-06 1.136862368156316057e-06 6.140934061327835353e-06 1.870695599380018835e-05 8.633426953700974022e-06
9.990202461867238037e-01 9.351049920539567482e-04 3.506752522219157461e-06 1.347934695217858368e-06 7.313885010818908084e-06 2.221676401686448221e-05 1.026348497695338365e-05
9.988514049156607122e-01 1.096283310359161744e-03 4.093228808045601226e-06 1.576141367053801904e-06 8.590395001084626982e-06 2.601971345960299757e-05 1.203229534429488777e-05
9.986693620182008901e-01 1.270070714168247640e-03 4.722018845430858052e-06 1.821315464163090704e-06 9.970741499024742650e-06 3.011385228782264775e-05 1.393933953439782357e-05
9.984741642839387588e-01 1.456423235811327805e-03 5.392661367400509568e-06 2.083296450655802197e-06 1.145520760924003897e-05 3.449722420847247198e-05 1.598409061393307935e-05
9.982658588005198785e-01 1.655296564055239693e-03 6.104741121152956105e-06 2.361930194674706467e-06 1.304408195899248223e-05 3.916786880613037740e-05 1.816601334372115286e-05
9.980444929513310193e-01 1.866646046237728290e-03 6.857888896887139507e-06 2.657068988640428579e-06 1.473765858273333936e-05 4.412382167819805428e-05 2.048456428468190384e-05
9.978101144131849010e-01 2.090426690417829508e-03 7.651781549085441946e-06 2.968571569329303050e-06 1.653623680623387518e-05 4.936311456883908395e-05 2.293919190358836567e-05
9.975627711539971632e-01 2.326593167544098451e-03 8.486142010251334665e-06 3.296303137790721714e-06 1.844012113030574337e-05 5.488377550162358012e-05 2.552933667861567686e-05
9.973025114304550076e-01 2.575099813638564474e-03 9.360739297184772343e-06 3.640135379060957364e-06 2.044962111418743313e-05 6.068382891092041396e-05 2.825443120466160490e-05
9.970293837856822883e-01 2.835900631997124912e-03 1.027538850973832775e-05 3.999946481701191629e-06 2.256505125850423804e-05 6.676129577199056502e-05 3.111390029845413966e-05
9.967434370468923888e-01 3.108949295406772569e-03 1.122995082218700175e-05 4.375621157131135593e-06 2.478673088792584102e-05 7.311419372983584872e-05 3.410716110340657940e-05
9.964447203230413219e-01 3.394199148378307992e-03 1.222433346716297969e-05 4.767050658756482596e-06 2.711498403346821991e-05 7.974053722676304043e-05 3.723362319424314553e-05
9.961332830024676177e-01 3.691603209394780493e-03 1.325848971219014210e-05 5.174132800899465679e-06 2.955013931443026170e-05 8.663833762868983711e-05 4.049268868136743122e-05
9.958091747505313229e-01 4.001114173177033537e-03 1.433241882894347389e-05 5.596771977477074181e-06 3.209252982011424437e-05 9.380560335018727630e-05 4.388375231496740257e-05
9.954724455072423428e-01 4.322684412963827445e-03 1.544616605511727237e-05 6.034879180494437578e-06 3.474249299114911117e-05 1.012403399782622036e-04 4.740620158885738248e-05
9.951231454848857849e-01 4.656265982807360378e-03 1.659982254909058534e-05 6.488372018261780965e-06 3.750037050058593023e-05 1.089405503948860502e-04 5.105941684403735579e-05
9.947613251656397537e-01 5.001810619884871495e-03 1.779352533727994427e-05 6.957174733393592279e-06 4.036650813472375044e-05 1.169042348982600812e-04 5.484277137198068195e-05
9.943870352991858175e-01 5.359269746825167519e-03 1.902745725435785076e-05 7.441218220537339522e-06 4.334125567365318524e-05 1.251293913228482583e-04 5.875563151761283704e-05
9.940003269003180320e-01 5.728594474050013700e-03 2.030184687624736280e-05 7.940440043855580271e-06 4.642496677161108435e-05 1.336140151581435105e-04 6.279735678201277629e-05
9.936012512465410840e-01 6.109735602130585662e-03 2.161696844602261576e-05 8.454784454221142163e-06 4.961799883703735487e-05 1.423560996662232491e-04 6.696729992478953736e-05
9.931898598756652152e-01 6.502643624158981235e-03 2.297314179269322647e-05 8.984202406141208796e-06 5.292071291251004676e-05 1.513536359980264731e-04 7.126480706616078291e-05
9.927662045833975935e-01 6.907268728133551978e-03 2.437073224294715324e-05 9.528651574399064135e-06 5.633347355441184760e-05 1.606046133084378992e-04 7.568921778870399538e-05
9.923303374209231364e-01 7.323560799359251326e-03 2.581015052586393784e-05 1.008809637038351639e-05 5.985664871246711003e-05 1.701070188701089424e-04 8.023986523878017506e-05
9.918823106924860022e-01 7.751469422862426045e-03 2.729185267069076130e-05 1.066250795811424468e-05 6.349060960908597929e-05 1.798588381860893816e-04 8.491607622763805072e-05
9.914221769529611983e-01 8.190943885819132464e-03 2.881633989763888722e-05 1.125186426995788382e-05 6.723573061857355117e-05 1.898580551012128692e-04 8.971717133216383763e-05
9.909499890054248583e-01 8.641933179997441511e-03 3.038415850183261952e-05 1.185615002200934813e-05 7.109238914621459065e-05 2.001026519122892772e-04 9.464246499529394409e-05
9.904657998987158596e-01 9.104386004214107264e-03 3.199589973037305810e-05 1.247535672913662225e-05 7.506096550722031967e-05 2.105906094770691023e-04 9.969126562607601703e-05
9.899696629249962188e-01 9.578250766804439348e-03 3.365219965263466429e-05 1.310948271967609673e-05 7.914184280559275137e-05 2.213199073220217274e-04 1.048628756993727430e-04
9.894616316173038273e-01 1.006347558810545377e-02 3.535373902376912010e-05 1.375853314977483306e-05 8.333540681289424465e-05 2.322885237489218189e-04 1.101565918552007474e-04
9.889417597471037435e-01 1.056000830295241756e-02 3.710124314151857253e-05 1.442252001736796092e-05 8.764204584695436484e-05 2.434944359402293329e-04 1.155717049977078310e-04
9.884101013218311582e-01 1.106779646318897282e-02 3.889548169635668410e-05 1.510146217577043308e-05 9.206215065051201745e-05 2.549356200632930535e-04 1.211075003937680654e-04
9.878667105824342487e-01 1.158678734018927202e-02 4.073726861498493698e-05 1.579538534688086301e-05 9.659611426982836263e-05 2.666100513733787739e-04 1.267632577712010915e-04
9.873116420009093730e-01 1.211692792739374989e-02 4.262746189729007309e-05 1.650432213399363003e-05 1.012443319332935633e-04 2.785157043155301725e-04 1.325382514166119732e-04
9.867449502778340431e-01 1.265816494285719115e-02 4.456696344673231940e-05 1.722831203419406129e-05 1.060072009299908836e-04 2.906505526252479077e-04 1.384317502728335287e-04
9.861666903398947914e-01 1.321044483180823167e-02 4.655671889429216482e-05 1.796740145033644327e-05 1.108851204883140346e-04 3.030125694280344202e-04 1.444430180359819005e-04
9.855769173374135939e-01 1.377371376922352682e-02 4.859771741594850233e-05 1.872164370258454078e-05 1.158784916545693559e-04 3.155997273377743849e-04 1.505713132521109424e-04
9.849756866418668544e-01 1.434791766241083795e-02 5.069099154382768674e-05 1.949109903952704089e-05 1.209877171716769022e-04 3.284099985539751763e-04 1.568158894134587169e-04
9.843630538434035016e-01 1.493300215360678952e-02 5.283761697094851507e-05 2.027583464881079118e-05 1.262132013578697151e-04 3.414413549578692491e-04 1.631759950542961170e-04
9.837390747483593101e-01 1.552891262258433887e-02 5.503871234976180301e-05 2.107592466733832772e-05 1.315553499855156086e-04 3.546917682073943675e-04 1.696508738463506707e-04
9.831038053767667817e-01 1.613559418927309336e-02 5.729543908441230200e-05 2.189145019096950916e-05 1.370145701600382956e-04 3.681592098310445854e-04 1.762397646938291369e-04
9.824573019598616952e-01 1.675299171639020243e-02 5.960900111684488902e-05 2.272249928375722858e-05 1.425912701988856087e-04 3.818416513206179417e-04 1.829419018280064463e-04
9.817996209375888794e-01 1.738104981208267452e-02 6.198064470676742301e-05 2.356916698665371620e-05 1.482858595107207421e-04 3.957370642228487823e-04 1.897565149013973344e-04
9.811308189561021020e-01 1.801971283258047007e-02 6.441165820557307050e-05 2.443155532573999979e-05 1.540987484746535944e-04 4.098434202299621690e-04 1.966828290814994970e-04
9.804509528652618489e-01 1.866892488486091017e-02 6.690337182423370819e-05 2.530977331991662835e-05 1.600303483197301800e-04 4.241586912691047294e-04 2.037200651441040404e-04
9.797600797161322150e-01 1.932862982932306850e-02 6.945715739520676776e-05 2.620393698806418041e-05 1.660810710045262581e-04 4.386808495907377082e-04 2.108674395661715736e-04
9.790582567584715790e-01 1.999877128247288388e-02 7.207442812847020426e-05 2.711416935566490674e-05 1.722513290969782942e-04 4.534078678559329690e-04 2.181241646182714483e-04
9.783455414382250526e-01 2.067929261961860832e-02 7.475663836168526305e-05 2.804060046086306142e-05 1.785415356543956734e-04 4.683377192225961780e-04 2.254894484565730332e-04
9.776219913950100482e-01 2.137013697757614294e-02 7.750528330456567673e-05 2.898336735996665523e-05 1.849521041037427167e-04 4.834683774306737644e-04 2.329624952144064792e-04
9.768876644596041769e-01 2.207124725738403292e-02 8.032189877752185460e-05 2.994261413236830376e-05 1.914834481221085627e-04 4.987978168862732941e-04 2.405425050933569526e-04
9.761426186514253756e-01 2.278256612702875619e-02 8.320806094459784539e-05 3.091849188486351312e-05 1.981359815174898152e-04 5.143240127447735836e-04 2.482286744539248069e-04
9.753869121760161409e-01 2.350403602417902235e-02 8.616538604081111984e-05 3.191115875539630715e-05 2.049101181098270281e-04 5.300449409928963650e-04 2.560201959057242923e-04
9.746206034225208814e-01 2.423559915892933500e-02 8.919553009390842745e-05 3.292077991616484316e-05 2.118062716123519517e-04 5.459585785297627579e-04 2.639162583972263034e-04
9.738437509611651555e-01 2.497719751655283829e-02 9.230018864061297111e-05 3.394752757611558516e-05 2.188248555132178621e-04 5.620629032469420848e-04 2.719160473050484181e-04
9.730564135407285820e-01 2.572877286026308344e-02 9.548109643744430962e-05 3.499158098280667474e-05 2.259662829574925040e-04 5.783558941074979070e-04 2.800187445227815758e-04
9.722586500860225245e-01 2.649026673398446885e-02 9.874002716611696465e-05 3.605312642360490377e-05 2.332309666294837738e-04 5.948355312240461356e-04 2.882235285493478386e-04
9.714505196953603372e-01 2.726162046513135040e-02 1.020787931336439064e-04 3.713235722625450721e-05 2.406193186354372573e-04 6.114997959358366023e-04 2.965295745769043587e-04
9.706320816380290539e-01 2.804277516739486428e-02 1.054992449671397406e-04 3.822947375874690979e-05 2.481317503865851848e-04 6.283466708848546188e-04 3.049360545782728998e-04
9.698033953517611883e-01 2.883367174353900983e-02 1.090032713034600983e-04 3.934468342852127595e-05 2.557686724826373605e-04 6.453741400909744023e-04 3.134421373939022841e-04
9.689645204402014267e-01 2.963425088820371284e-02 1.125927984736349710e-04 4.047820068097809579e-05 2.635304945956519701e-04 6.625801890261475606e-04 3.220469888183636015e-04
9.681155166703754311e-01 3.044445309071600395e-02 1.162697901822707113e-04 4.163024699728175120e-05 2.714176253543507480e-04 6.799628046876640425e-04 3.307497716863629501e-04
9.672564439701598626e-01 3.126421863790886796e-02 1.200362471819155615e-04 4.280105089144071198e-05 2.794304722288800768e-04 6.975199756704778551e-04 3.395496459582995701e-04
9.663873624257437456e-01 3.209348761694691410e-02 1.238942069424456727e-04 4.399084790668529772e-05 2.875694414160257992e-04 7.152496922386049208e-04 3.484457688053241601e-04
9.655083322790982692e-01 3.293219991816032782e-02 1.278457433155830961e-04 4.519988061107880703e-05 2.958349377249465482e-04 7.331499463956213727e-04 3.574372946939410162e-04
9.646194139254403721e-01 3.378029523788465827e-02 1.318929661945727712e-04 4.642839859239205344e-05 3.042273644633565347e-04 7.512187319542512273e-04 3.665233754701237973e-04
9.637206679106986584e-01 3.463771308130748211e-02 1.360380211690702954e-04 4.767665845223160428e-05 3.127471233242407316e-04 7.694540446050763963e-04 3.757031604429527782e-04
9.628121549289768710e-01 3.550439276532291882e-02 1.402830891753674468e-04 4.894492379937270978e-05 3.213946142731255494e-04 7.878538819843602546e-04 3.849757964677722345e-04
9.618939358200193634e-01 3.638027342139052434e-02 1.446303861419358119e-04 5.023346524232349220e-05 3.301702354358466724e-04 8.064162437410011359e-04 3.943404280288670925e-04
9.609660715666747954e-01 3.726529399840221995e-02 1.490821626304135374e-04 5.154256038109893460e-05 3.390743829869499607e-04 8.251391316026288753e-04 4.037961973216594946e-04
9.600286232923613827e-01 3.815939326555402994e-02 1.536407034720981186e-04 5.287249379818653575e-05 3.481074510385997588e-04 8.440205494408562154e-04 4.133422443344232189e-04
9.590816522585320358e-01 3.906250981522382815e-02 1.583083273999562834e-04 5.422355704869456490e-05 3.572698315301359910e-04 8.630585033356907160e-04 4.229777069295068484e-04
9.581252198621368343e-01 3.997458206585525337e-02 1.630873866762860348e-04 5.559604864968451519e-05 3.665619141182100034e-04 8.822510016391241867e-04 4.327017209240897021e-04
9.571593876330926065e-01 4.089554826484626676e-02 1.679802667160772037e-04 5.699027406866624820e-05 3.759840860675920694e-04 9.015960550378996448e-04 4.425134201704362686e-04
9.561842172317457367e-01 4.182534649144303840e-02 1.729893857060750637e-04 5.840654571123974259e-05 3.855367321425684848e-04 9.210916766154811667e-04 4.524119366356757054e-04
9.551997704463394134e-01 4.276391465963937794e-02 1.781171942197238428e-04 5.984518290788533746e-05 3.952202344990490314e-04 9.407358819132216480e-04 4.623964004810976209e-04
9.542061091904824321e-01 4.371119052108023845e-02 1.833661748279683922e-04 6.130651189989965149e-05 4.050349725773235527e-04 9.605266889907620792e-04 4.724659401409560082e-04
9.532032955006171093e-01 4.466711166797006360e-02 1.887388417060091529e-04 6.279086582443467717e-05 4.149813229955275984e-04 9.804621184856326336e-04 4.826196824007956965e-04
9.521913915334879741e-01 4.563161553598587411e-02 1.942377402360898628e-04 6.429858469867428378e-05 4.250596594438036920e-04 1.000540193672130483e-03 4.928567524752886344e-04
9.511704595636123472e-01 4.660463940719373338e-02 1.998654466063780983e-04 6.583001540308580104e-05 4.352703525791871714e-04 1.020758940519405277e-03 5.031762740855860771e-04
9.501405619807535841e-01 4.758612041296998024e-02 2.056245674059924795e-04 6.738551166379971446e-05 4.456137699212565006e-04 1.041116387748840764e-03 5.135773695361889541e-04
9.491017612873928755e-01 4.857599553692593802e-02 2.115177392162819240e-04 6.896543403405546965e-05 4.560902757485021898e-04 1.061610566890689496e-03 5.240591597913312133e-04
9.480541200962041559e-01 4.957420161783599594e-02 2.175476281983786879e-04 7.057014987472418684e-05 4.667002309955004652e-04 1.082239512339992077e-03 5.346207645508755995e-04
9.469977011275310108e-01 5.058067535256933339e-02 2.237169296771030391e-04 7.220003333389812133e-05 4.774439931508414896e-04 1.103001261411794276e-03 5.452613023257335762e-04
9.459325672068636948e-01 5.159535329902478762e-02 2.300283677213543841e-04 7.385546532554876711e-05 4.883219161558901948e-04 1.123893854395673943e-03 5.559798905127945378e-04
9.448587812623200355e-01 5.261817187906848298e-02 2.364846947209530142e-04 7.553683350722072533e-05 4.993343503043341921e-04 1.144915334609571860e-03 5.667756454693755877e-04
9.437764063221256716e-01 5.364906738147456888e-02 2.430886909600834752e-04 7.724453225676860169e-05 5.104816421425927009e-04 1.166063748452956465e-03 5.776476825871870030e-04
9.426855055121001747e-01 5.468797596486826146e-02 2.498431641873635474e-04 7.897896264813389702e-05 5.217641343710449717e-04 1.187337145459331327e-03 5.885951163658186989e-04
9.415861420531400627e-01 5.573483366067129297e-02 2.567509491826336213e-04 8.074053242613592446e-05 5.331821657461231984e-04 1.208733578348085164e-03 5.996170604857422714e-04
9.404783792587100288e-01 5.678957637604931802e-02 2.638149073205325271e-04 8.252965598028133380e-05 5.447360709833088408e-04 1.230251103075703052e-03 6.107126278808346900e-04
9.393622805323317282e-01 5.785213989686217168e-02 2.710379261309078173e-04 8.434675431758201117e-05 5.564261806609599893e-04 1.251887778886355941e-03 6.218809308104240744e-04
9.382379093650768942e-01 5.892245989061479366e-02 2.784229188561754579e-04 8.619225503436541585e-05 5.682528211251302317e-04 1.273641668361858966e-03 6.331210809308533260e-04
9.371053293330644518e-01 6.000047190940986652e-02 2.859728240056319082e-04 8.806659228708423937e-05 5.802163143951927574e-04 1.295510837471045137e-03 6.444321893665677951e-04
9.359646040949579637e-01 6.108611139290297948e-02 2.936906049068788074e-04 8.997020676211142740e-05 5.923169780705057289e-04 1.317493355618523220e-03 6.558133667807324041e-04
9.348157973894677397e-01 6.217931367125713316e-02 3.015792492543220506e-04 9.190354564449833849e-05 6.045551252379401368e-04 1.339587295692858159e-03 6.672637234453600123e-04
9.336589730328536119e-01 6.328001396809984636e-02 3.096417686549336875e-04 9.386706258571726291e-05 6.169310643804259368e-04 1.361790734114188585e-03 6.787823693109799709e-04
9.324941949164351485e-01 6.438814740347979793e-02 3.178811981712363665e-04 9.586121767036348681e-05 6.294450992864165061e-04 1.384101750881262327e-03 6.903684140758232319e-04
9.313215270040983151e-01 6.550364899682513398e-02 3.263005958616691589e-04 9.788647738179860592e-05 6.420975289603886218e-04 1.406518429617945433e-03 7.020209672545440691e-04
9.301410333298136823e-01 6.662645366990116447e-02 3.349030423183490222e-04 9.994331456677066404e-05 6.548886475343088966e-04 1.429038857619165234e-03 7.137391382464611722e-04
9.289527779951504138e-01 6.775649624976838592e-02 3.436916402023295443e-04 1.020322083989483005e-04 6.678187441801053783e-04 1.451661125896350560e-03 7.255220364033408828e-04
9.277568251667985821e-01 6.889371147174115639e-02 3.526695137764069513e-04 1.041536443414100383e-04 6.808881030232166297e-04 1.474383329222327035e-03 7.373687710967046817e-04
9.265532390740928159e-01 7.003803398234570432e-02 3.618398084355658626e-04 1.063081141080632211e-04 6.940970030571114949e-04 1.497203566175725562e-03 7.492784517846719878e-04
9.253420840065413877e-01 7.118939834227699937e-02 3.712056902351127123e-04 1.084961156239818510e-04 7.074457180588855859e-04 1.520119939184887744e-03 7.612501880783431466e-04
9.241234243113568558e-01 7.234773902935630330e-02 3.807703454165918154e-04 1.107181529846697112e-04 7.209345165059375272e-04 1.543130554571280153e-03 7.732830898077103568e-04
9.228973243909935897e-01 7.351299044148690287e-02 3.905369799315375830e-04 1.129747364142362649e-04 7.345636614936932977e-04 1.566233522592445438e-03 7.853762670871147506e-04
9.216638487006855174e-01 7.468508689960896840e-02 4.005088189631352577e-04 1.152663822224781051e-04 7.483334106544229074e-04 1.589426957484475073e-03 7.975288303802385674e-04
9.204230617459927544e-01 7.586396265065395439e-02 4.106891064458551119e-04 1.175936127608820847e-04 7.622440160771567792e-04 1.612708977504037373e-03 8.097398905646431555e-04
9.191750280803482331e-01 7.704955187049628007e-02 4.210811045831853354e-04 1.199569563775036414e-04 7.762957242287195098e-04 1.636077704969962502e-03 8.220085589958458627e-04
9.179198123026101053e-01 7.824178866690421896e-02 4.316880933634334168e-04 1.223569473707689429e-04 7.904887758758633379e-04 1.659531266304394015e-03 8.343339475709423206e-04
9.166574790546208051e-01 7.944060708248908143e-02 4.425133700737558296e-04 1.247941259421428482e-04 8.048234060085443595e-04 1.683067792073515831e-03 8.467151687917795445e-04
9.153880930187678899e-01 8.064594109765182983e-02 4.535602488124666569e-04 1.272690381477151883e-04 8.192998437643517944e-04 1.706685417027871540e-03 8.591513358276738847e-04
9.141117189155494316e-01 8.185772463352797290e-02 4.648320599996467821e-04 1.297822358486408814e-04 8.339183123540726272e-04 1.730382280142274539e-03 8.716415625776782750e-04
9.128284215011471803e-01 8.307589155492955957e-02 4.763321498862055988e-04 1.323342766604860350e-04 8.486790289884201411e-04 1.754156524655346499e-03 8.841849637324051756e-04
9.115382655650015042e-01 8.430037567328510506e-02 4.880638800613755599e-04 1.349257239014478864e-04 8.635822048059574579e-04 1.778006298108649689e-03 8.967806548354016315e-04
9.102413159273929910e-01 8.553111074957647775e-02 5.000306269588065348e-04 1.375571465394318047e-04 8.786280448021690321e-04 1.801929752385473225e-03 9.094277523440815435e-04
9.089376374370283784e-01 8.676803049727253858e-02 5.122357813612572622e-04 1.402291191380436572e-04 8.938167477597632566e-04 1.825925043749236599e-03 9.221253736902098371e-04
9.076272949686323699e-01 8.801106858525999110e-02 5.246827479039541022e-04 1.429422218014048942e-04 9.091485061801471987e-04 1.849990332881567504e-03 9.348726373399554460e-04
9.063103534205441125e-01 8.926015864077095630e-02 5.373749445767762476e-04 1.456970401178712352e-04 9.246235062161521807e-04 1.874123784920018413e-03 9.476686628534979279e-04
9.049868777123195596e-01 9.051523425230645348e-02 5.503158022252027225e-04 1.484941651026110989e-04 9.402419276059201074e-04 1.898323569495464179e-03 9.605125709442058216e-04
9.036569327823389397e-01 9.177622897255648116e-02 5.635087640502299848e-04 1.513341931390424500e-04 9.560039436080928956e-04 1.922587860769177197e-03 9.734034835373691795e-04
9.023205835854202217e-01 9.304307632131639250e-02 5.769572851071854856e-04 1.542177259191457892e-04 9.719097209381955026e-04 1.946914837469593783e-03 9.863405238285122972e-04
9.009778950904381301e-01 9.431570978839851072e-02 5.906648318036694222e-04 1.571453703826298674e-04 9.879594197062750022e-04 1.971302682928776327e-03 9.993228163412675585e-04
8.996289322779487119e-01 9.559406283653983094e-02 6.046348813965436936e-04 1.601177386549785847e-04 1.004153193355802973e-03 1.995749585118586616e-03 1.012349486984823622e-03
8.982737601378201209e-01 9.687806890430541995e-02 6.188709214881207149e-04 1.631354479843408558e-04 1.020491188603832311e-03 2.020253736686574656e-03 1.025419663110947515e-03
8.969124436668691747e-01 9.816766140898663950e-02 6.333764495216375259e-04 1.661991206773030696e-04 1.036973545382458223e-03 2.044813334991603827e-03 1.038532473570582051e-03
8.955450478665044622e-01 9.946277374949470673e-02 6.481549722760001232e-04 1.693093840335100448e-04 1.053600396781501991e-03 2.069426582139202806e-03 1.051687048770020292e-03
8.941716377403748917e-01 1.007633393092493140e-01 6.632100053599538150e-04 1.724668702791593098e-04 1.070371868992561152e-03 2.094091685016669872e-03 1.064882520726662595e-03
8.927922782920253431e-01 1.020692914590621142e-01 6.785450727057047542e-04 1.756722164993625537e-04 1.087288081254271597e-03 2.118806855327933034e-03 1.078118023124352131e-03
8.914070345225585390e-01 1.033805635600139883e-01 6.941637060620516270e-04 1.789260645693605066e-04 1.104349145798926013e-03 2.143570309628169916e-03 1.091392691368298605e-03
8.900159714283017998e-01 1.046970889663275533e-01 7.100694444871524010e-04 1.822290610846148034e-04 1.121555167800386424e-03 2.168380269358212518e-03 1.104705662639580239e-03
8.886191539984834575e-01 1.060188010282339943e-01 7.262658338409211422e-04 1.855818572897774540e-04 1.138906245323316642e-03 2.193234960878718675e-03 1.118056075949243073e-03
8.872166472129131565e-01 1.073456330948326098e-01 7.427564262771547575e-04 1.889851090065069669e-04 1.156402469273722696e-03 2.218132615504149214e-03 1.131443072191989137e-03
8.858085160396710345e-01 1.086775185169459867e-01 7.595447797355129368e-04 1.924394765601864735e-04 1.174043923350819030e-03 2.243071469536537816e-03 1.144865794199449380e-03
8.843948254328009018e-01 1.100143906499673613e-01 7.766344574333123706e-04 1.959456247054957971e-04 1.191830684000270979e-03 2.268049764299077866e-03 1.158323386793060203e-03
8.829756403300141887e-01 1.113561828567022349e-01 7.940290273572735884e-04 1.995042225508683381e-04 1.209762820368710974e-03 2.293065746169511109e-03 1.171814996836529092e-03
8.815510256503978903e-01 1.127028285102035093e-01 8.117320617552799397e-04 2.031159434818383060e-04 1.227840394259639483e-03 2.318117666613354541e-03 1.185339773287905811e-03
8.801210462921306155e-01 1.140542609965984056e-01 8.297471366282134454e-04 2.067814650832644192e-04 1.246063460090676440e-03 2.343203782216965111e-03 1.198896867251250274e-03
8.786857671302062966e-01 1.154104137179102069e-01 8.480778312219024303e-04 2.105014690604395606e-04 1.264432064852146452e-03 2.368322354720427906e-03 1.212485432027900992e-03
8.772452530141642280e-01 1.167712200948716611e-01 8.667277275192979222e-04 2.142766411591062010e-04 1.282946248067024907e-03 2.393471651050319438e-03 1.226104623167356038e-03
8.757995687658289841e-01 1.181366135697306807e-01 8.857004097329078743e-04 2.181076710843525481e-04 1.301606041752275105e-03 2.418649943352305272e-03 1.239753598517751758e-03
8.743487791770526707e-01 1.195065276090497286e-01 9.049994637975824520e-04 2.219952524184259013e-04 1.320411470381510285e-03 2.443855509023622717e-03 1.253431518275956386e-03
8.728929490074703867e-01 1.208808957064960304e-01 9.246284768636738038e-04 2.259400825374370851e-04 1.339362550849046690e-03 2.469086630745423450e-03 1.267137545037274205e-03
8.714321429822611265e-01 1.222596513856252787e-01 9.445910367906818796e-04 2.299428625269967809e-04 1.358459292435347434e-03 2.494341596515008141e-03 1.280870843844757884e-03
8.699664257899152320e-01 1.236427282026558300e-01 9.648907316414445179e-04 2.340042970967446713e-04 1.377701696773799955e-03 2.519618699677942698e-03 1.294630582238145457e-03
8.684958620800115048e-01 1.250300597492359223e-01 9.855311491768971744e-04 2.381250944938233575e-04 1.397089757818918742e-03 2.544916238960072147e-03 1.308415930302401359e-03
8.670205164609999793e-01 1.264215796552016768e-01 1.006515876351509083e-03 2.423059664152666650e-04 1.416623461815893353e-03 2.570232518499444320e-03 1.322226060715887743e-03
8.655404534979961317e-01 1.278172215913268850e-01 1.027848498809452553e-03 2.465476279193303650e-04 1.436302787271547411e-03 2.595565847878135955e-03 1.336060148798150909e-03
8.640557377105807513e-01 1.292169192720637461e-01 1.049532600381536309e-03 2.508507973357622465e-04 1.456127704926679948e-03 2.620914542154000743e-03 1.349917372557332814e-03
8.625664335706070274e-01 1.306206064582753623e-01 1.071571762583022449e-03 2.552161961750238207e-04 1.476098177729785006e-03 2.646276921892341469e-03 1.363796912737204629e-03
8.610726055000192947e-01 1.320282169599581168e-01 1.093969564112341015e-03 2.596445490364680461e-04 1.496214160812165935e-03 2.671651313197515813e-03 1.377697952863831451e-03
8.595743178686768848e-01 1.334396846389558078e-01 1.116729580350766258e-03 2.641365835154710698e-04 1.516475601464450495e-03 2.697036047744475785e-03 1.391619679291859063e-03
8.580716349921880814e-01 1.348549434116637913e-01 1.139855382863193354e-03 2.686930301095519745e-04 1.536882439114485273e-03 2.722429462810255565e-03 1.405561281250441606e-03
8.565646211297517354e-01 1.362739272517235478e-01 1.163350538899931902e-03 2.733146221234656779e-04 1.557434605306640000e-03 2.747829901305409456e-03 1.419521950888787609e-03
8.550533404820089833e-01 1.376965701927083952e-01 1.187218610899754261e-03 2.780020955732679538e-04 1.578132023682498556e-03 2.773235711805407781e-03 1.433500883321354525e-03
8.535378571889008503e-01 1.391228063307977936e-01 1.211463155994084266e-03 2.827561890894085745e-04 1.598974609962935164e-03 2.798645248581993743e-03 1.447497276672665961e-03
8.520182353275372877e-01 1.405525698274432966e-01 1.236087725512553543e-03 2.875776438188057372e-04 1.619962271931605887e-03 2.824056871634515568e-03 1.461510332121777195e-03
8.504945389100737607e-01 1.419857949120230389e-01 1.261095864489833506e-03 2.924672033259437861e-04 1.641094909419835070e-03 2.849468946721225686e-03 1.475539253946377052e-03
8.489668318815964954e-01 1.434224158844864261e-01 1.286491111173923866e-03 2.974256134929930393e-04 1.662372414292855299e-03 2.874879845390572106e-03 1.489583249566522232e-03
8.474351781180184950e-01 1.448623671179885830e-01 1.312276996535889206e-03 3.024536224189674940e-04 1.683794670437512107e-03 2.900287945012462905e-03 1.503641529588031203e-03
8.458996414239805528e-01 1.463055830615138109e-01 1.338457043781127306e-03 3.075519803179333671e-04 1.705361553751285784e-03 2.925691628809545895e-03 1.517713307845509028e-03
8.443602855307673627e-01 1.477519982424877476e-01 1.365034767862196349e-03 3.127214394162520453e-04 1.727072932132768177e-03 2.951089285888448821e-03 1.531797801445021565e-03
8.428171740942269619e-01 1.492015472693798972e-01 1.392013674993340623e-03 3.179627538489131731e-04 1.748928665473498210e-03 2.976479311271068573e-03 1.545894230806420114e-03
8.412703706927019409e-01 1.506541648342941409e-01 1.419397262166662054e-03 3.232766795549346758e-04 1.770928605651184108e-03 3.001860105925830899e-03 1.560001819705315873e-03
8.397199388249717567e-01 1.521097857155480626e-01 1.447189016670095627e-03 3.286639741718480417e-04 1.793072596524324233e-03 3.027230076798982650e-03 1.574119795314701375e-03
8.381659419082019280e-01 1.535683447802412283e-01 1.475392415607149023e-03 3.341253969292801379e-04 1.815360473928210065e-03 3.052587636845895298e-03 1.588247388246221943e-03
8.366084432759024470e-01 1.550297769868115572e-01 1.504010925418582546e-03 3.396617085416716230e-04 1.837792065672306119e-03 3.077931205062399249e-03 1.602383832591116036e-03
8.350475061758975137e-01 1.564940173875805363e-01 1.533048001405960164e-03 3.452736711000796411e-04 1.860367191539004633e-03 3.103259206516128989e-03 1.616528365960789556e-03
8.334831937683047087e-01 1.579610011312861384e-01 1.562507087257212178e-03 3.509620479631541919e-04 1.883085663283781252e-03 3.128570072377917684e-03 1.630680229527064042e-03
8.319155691235221584e-01 1.594306634656043886e-01 1.592391614574244002e-03 3.567276036472409595e-04 1.905947284636695140e-03 3.153862239953226891e-03 1.644838668062074223e-03
8.303446952202272469e-01 1.609029397396578853e-01 1.622705002402619013e-03 3.625711037156565688e-04 1.928951851305261240e-03 3.179134152713590164e-03 1.659002929977830554e-03
8.287706349433838771e-01 1.623777654065135245e-01 1.653450656763439741e-03 3.684933146671329641e-04 1.952099150978710979e-03 3.204384260328149020e-03 1.673172267365432859e-03
8.271934510822603892e-01 1.638550760256662353e-01 1.684631970187325896e-03 3.744950038234575807e-04 1.975388963333591080e-03 3.229611018695182842e-03 1.687345936033961963e-03
8.256132063284579159e-01 1.653348072655118350e-01 1.716252321250811902e-03 3.805769392163128872e-04 1.998821060040723279e-03 3.254812889973735489e-03 1.701523195549016140e-03
8.240299632739466196e-01 1.668168949058057571e-01 1.748315074114902435e-03 3.867398894733310743e-04 2.022395204773532081e-03 3.279988342615273132e-03 1.715703309270927290e-03
8.224437844091146976e-01 1.683012748401107039e-01 1.780823578066086273e-03 3.929846237033815070e-04 2.046111153217704780e-03 3.305135851395403675e-03 1.729885544392637106e-03
8.208547321208251590e-01 1.697878830782295345e-01 1.813781167059726066e-03 3.993119113811090487e-04 2.069968653082187877e-03 3.330253897445665558e-03 1.744069171977238441e-03
8.192628686904850355e-01 1.712766557486268826e-01 1.847191159265908602e-03 4.057225222307219532e-04 2.093967444111543511e-03 3.355340968285384223e-03 1.758253466995183612e-03
8.176682562921228081e-01 1.727675291008365643e-01 1.881056856617856383e-03 4.122172261090654858e-04 2.118107258099631227e-03 3.380395557853583220e-03 1.772437708361169822e-03
8.160709569904770477e-01 1.742604395078562740e-01 1.915381544362874727e-03 4.187967928879841439e-04 2.142387818904585572e-03 3.405416166540979443e-03 1.786621178970685449e-03
8.144710327390967119e-01 1.757553234685284294e-01 1.950168490615902025e-03 4.254619923359904228e-04 2.166808842465159368e-03 3.430401301222046895e-03 1.800803165736231722e-03
8.128685453784488812e-01 1.772521176099078333e-01 1.985420945915785697e-03 4.322135939992537319e-04 2.191370036818352397e-03 3.455349475287163713e-03 1.814982959623216751e-03
8.112635566340397064e-01 1.787507586896161238e-01 2.021142142784202074e-03 4.390523670819317429e-04 2.216071102118346778e-03 3.480259208674832058e-03 1.829159855685518875e-03
8.096561281145441269e-01 1.802511835981816246e-01 2.057335295287413424e-03 4.459790803258537094e-04 2.240911730656757698e-03 3.505129027903977363e-03 1.843333153100731262e-03
8.080463213099494668e-01 1.817533293613654566e-01 2.094003598600781887e-03 4.529945018895826484e-04 2.265891606884172169e-03 3.529957466106349497e-03 1.857502155205068874e-03
8.064341975897024728e-01 1.832571331424749927e-01 2.131150228576187983e-03 4.600993992268534536e-04 2.291010407432953269e-03 3.554743063058980745e-03 1.871666169527964061e-03
8.048198182008777790e-01 1.847625322446612151e-01 2.168778341312334844e-03 4.672945389644307993e-04 2.316267801141350634e-03 3.579484365216766082e-03 1.885824507826329519e-03
8.032032442663471494e-01 1.862694641132034146e-01 2.206891072728010134e-03 4.745806867793788634e-04 2.341663449078878155e-03 3.604179925745101994e-03 1.899976486118499890e-03
8.015845367829640411e-01 1.877778663377788204e-01 2.245491538138352956e-03 4.819586072757838001e-04 2.367197004572928545e-03 3.628828304552635022e-03 1.914121424717854817e-03
7.999637566197603800e-01 1.892876766547182954e-01 2.284582831834153487e-03 4.894290638609174147e-04 2.392868113236665956e-03 3.653428068324106152e-03 1.928258648266113501e-03
7.983409645161506640e-01 1.907988329492470159e-01 2.324168026664278578e-03 4.969928186208936484e-04 2.418676412998164126e-03 3.677977790553271960e-03 1.942387485766312004e-03
7.967162210801506106e-01 1.923112732577107742e-01 2.364250173621202517e-03 5.046506321958090912e-04 2.444621534130773152e-03 3.702476051575945455e-03 1.956507270615460287e-03
7.950895867866041300e-01 1.938249357697876540e-01 2.404832301429707560e-03 5.124032636544100785e-04 2.470703099284713572e-03 3.726921438603108920e-03 1.970617340636875939e-03
7.934611219754226230e-01 1.953397588306845789e-01 2.445917416138849217e-03 5.202514703682679931e-04 2.496920723519893866e-03 3.751312545754145571e-03 1.984717038112200019e-03
7.918308868498354913e-01 1.968556809433189836e-01 2.487508500717145517e-03 5.281960078855289092e-04 2.523274014339940523e-03 3.775647974090159259e-03 1.998805709813094786e-03
7.901989414746516394e-01 1.983726407704860806e-01 2.529608514651108218e-03 5.362376298042189314e-04 2.549762571727410762e-03 3.799926331647397390e-03 2.012882707032619210e-03
7.885653457745315231e-01 1.998905771370095563e-01 2.572220393547065224e-03 5.443770876451440406e-04 2.576385988180233434e-03 3.824146233470769249e-03 2.026947385616286595e-03
7.869301595322717446e-01 2.014094290318785008e-01 2.615347048736449843e-03 5.526151307243973515e-04 2.603143848749279229e-03 3.848306301647469278e-03 2.040999105992805616e-03
7.852934423871003045e-01 2.029291356103680999e-01 2.658991366884468858e-03 5.609525060254890675e-04 2.630035731077142586e-03 3.872405165340712246e-03 2.055037233204501726e-03
7.836552538329828455e-01 2.044496361961454789e-01 2.703156209602245244e-03 5.693899580711353449e-04 2.657061205438062887e-03 3.896441460823532165e-03 2.069061136937420681e-03
7.820156532169412200e-01 2.059708702833592808e-01 2.747844413062466764e-03 5.779282287947050921e-04 2.684219834778994469e-03 3.920413831512736466e-03 2.083070191551113746e-03
7.803746997373831595e-01 2.074927775387145346e-01 2.793058787618637150e-03 5.865680574113578795e-04 2.711511174761835861e-03 3.944320928002914388e-03 2.097063776108104138e-03
7.787324524424428240e-01 2.090152978035308695e-01 2.838802117427805406e-03 5.953101802888935597e-04 2.738934773806743668e-03 3.968161408100570262e-03 2.111041274403042522e-03
7.770889702283333422e-01 2.105383710957856314e-01 2.885077160077033007e-03 6.041553308183206456e-04 2.766490173136603933e-03 3.991933936858355243e-03 2.125002074991534217e-03
7.754443118377112310e-01 2.120619376121410660e-01 2.931886646213430290e-03 6.131042392841941878e-04 2.794176906822589887e-03 4.015637186609384915e-03 2.138945571218658047e-03
7.737985358580531381e-01 2.135859377299551831e-01 2.979233279177946787e-03 6.221576327346987553e-04 2.821994501830808223e-03 4.039269837001681351e-03 2.152871161247160367e-03
7.721517007200415783e-01 2.151103120092767162e-01 3.027119734642877771e-03 6.313162348515484034e-04 2.849942478070029584e-03 4.062830575032687179e-03 2.166778248085338143e-03
7.705038646959652127e-01 2.166350011948238452e-01 3.075548660253107826e-03 6.405807658196790164e-04 2.878020348440488499e-03 4.086318095083892390e-03 2.180666239614599804e-03
7.688550858981295644e-01 2.181599462179473203e-01 3.124522675271202039e-03 6.499519421967892962e-04 2.906227618883748445e-03 4.109731098955558305e-03 2.194534548616707773e-03
7.672054222772795029e-01 2.196850881985763226e-01 3.174044370226317482e-03 6.594304767827305043e-04 2.934563788433581719e-03 4.133068295901536071e-03 2.208382592800703977e-03
7.655549316210346067e-01 2.212103684471486420e-01 3.224116306566959713e-03 6.690170784887756409e-04 2.963028349267918769e-03 4.156328402664166699e-03 2.222209794829520940e-03
7.639036715523345178e-01 2.227357284665242854e-01 3.274741016317664951e-03 6.787124522067849736e-04 2.991620786761781982e-03 4.179510143509296456e-03 2.236015582346266746e-03
7.622516995278971752e-01 2.242611099538825425e-01 3.325921001739608369e-03 6.885172986783045634e-04 3.020340579541246420e-03 4.202612250261369455e-03 2.249799388000192982e-03
7.605990728366902598e-01 2.257864548026022877e-01 3.377658734995183602e-03 6.984323143635919311e-04 3.049187199538385025e-03 4.225633462338603506e-03 2.263560649472347829e-03
7.589458485984115210e-01 2.273117051041255443e-01 3.429956657816579484e-03 7.084581913106162464e-04 3.078160112047178751e-03 4.248572526788276134e-03 2.277298809500905626e-03
7.572920837619843137e-01 2.288368031498050070e-01 3.482817181178344060e-03 7.185956170240538534e-04 3.107258775780415930e-03 4.271428198322081704e-03 2.291013315906175948e-03
7.556378351040635710e-01 2.303616914327343279e-01 3.536242684974091541e-03 7.288452743342792436e-04 3.136482642927538363e-03 4.294199239351564890e-03 2.304703621615291319e-03
7.539831592275526573e-01 2.318863126495607774e-01 3.590235517697185682e-03 7.392078412663983123e-04 3.165831159213393364e-03 4.316884420023664286e-03 2.318369184686575307e-03
7.523281125601352093e-01 2.334106097022823900e-01 3.644797996125623794e-03 7.496839909093359336e-04 3.195303763957960293e-03 4.339482518256301130e-03 2.332009468333593599e-03
7.506727513528169693e-01 2.349345257000276521e-01 3.699932405011034653e-03 7.602743912850048504e-04 3.224899890136936204e-03 4.361992319774073840e-03 2.345623940948867239e-03
